07F-028A.wav  [
  -16.66346 -6.941696 0.09291935 4.277712 20.37403 13.3072 24.65371 3.43305 2.573698 -0.002723217 -5.155674 10.03086 8.67214 12.63407 9.099925 10.26797 5.102413 -0.5948544 3.32726 -0.1249557 
  -15.47815 -5.396975 0.9073474 4.852517 21.66941 13.00456 25.24285 4.973395 -4.067785 2.870602 5.320832 8.336354 9.095034 16.82387 8.67839 3.923271 4.302406 1.829371 2.910175 0.105328 
  -15.03552 -4.465845 0.6256485 9.738483 17.2669 5.518595 23.54649 3.711068 -4.005825 8.255032 11.90269 7.480016 8.150805 15.61774 6.402731 2.20031 -3.117054 -0.6758944 2.519744 0.5661276 
  -15.26105 -6.565575 0.8860104 13.83381 23.21556 8.188797 12.12568 -3.189929 4.909913 1.025834 2.053555 8.562867 15.59405 9.074465 8.020305 9.994563 -2.05181 0.6534874 1.453656 1.285726 
  -16.20289 -7.898085 0.2000024 10.59269 23.28461 5.955088 21.58073 4.956986 7.160748 3.374826 5.040688 3.692994 9.67708 7.208635 8.711805 7.324759 0.04736352 3.751369 -0.7890909 1.173776 
  -16.00751 -7.774666 4.410332 12.41347 22.2231 12.87181 17.31075 12.98576 1.845999 -3.816741 3.814898 21.17969 13.6343 3.293838 3.553936 4.78198 3.531456 5.217424 0.5303345 2.38109 
  -15.90849 -6.888435 0.4392984 12.75232 24.54817 7.87352 17.40351 5.447213 -0.4071136 0.6397147 6.0866 7.479375 16.96383 7.474109 6.430369 2.823908 6.261851 6.032003 2.782605 1.406851 
  -15.47569 -7.214785 -0.8520515 7.012281 18.05774 5.199489 16.95963 1.4973 6.642478 4.650422 0.2261155 1.087609 5.320603 5.410287 -0.2148309 7.714907 5.860739 5.394197 2.517474 0.781685 
  -15.34019 -6.672546 -3.646625 3.828752 16.07922 10.15727 23.30492 10.64921 10.31631 7.205719 6.975865 3.145211 1.118213 4.231083 -0.06229687 3.35422 -1.604429 1.647741 0.7053065 0.07202323 
  -15.61761 -5.823866 -0.5199485 11.54355 22.74335 11.55195 27.83195 5.578763 -0.07395148 2.170403 4.656217 -0.426513 8.655021 10.47573 12.52148 7.09769 0.7441224 -3.857526 -2.907006 -1.938213 
  -16.57577 -10.75005 -2.999794 9.232011 22.89702 12.63814 28.90841 9.397667 9.110184 10.92607 2.435373 6.667131 5.354479 8.87763 2.419303 3.54218 -1.614447 -1.594357 2.798352 -1.373594 
  -15.86273 -6.812355 1.026392 11.45874 23.09935 6.271879 14.97883 -0.3787413 15.14387 17.65744 2.951572 3.088861 -1.361972 7.837862 3.395697 2.361923 0.5553215 -2.86677 1.611668 -0.1988301 
  -15.50156 -4.644955 5.288373 9.416407 18.3091 3.129615 15.0545 4.634496 11.0328 9.548788 5.264872 7.616429 3.767697 10.49477 10.85499 -4.906662 -3.218811 1.02456 2.508652 0.3412644 
  -15.35694 -5.821795 4.365803 8.555172 19.54533 14.21346 19.87714 1.086183 2.578386 12.28408 8.257084 7.331483 3.739309 5.519884 5.491945 -1.067768 -3.709512 1.984118 3.822722 -0.2753284 
  -15.95555 -7.730415 -0.0850575 11.11453 33.1864 11.09383 23.04619 11.278 3.324309 14.72926 9.341599 6.139524 16.07599 12.38861 7.440277 2.138262 1.595907 0.686656 0.5693769 1.516901 
  -15.8508 -7.039345 -1.896472 10.59231 24.50965 10.25786 23.27301 0.3030448 0.6609795 20.49149 18.85495 10.49558 6.238314 9.112767 9.953361 9.521138 1.726988 0.3110239 0.844018 0.6215643 
  -15.18588 -4.579615 0.04084134 6.89357 14.94068 5.594713 17.96268 -2.327583 5.35165 10.78125 2.600534 6.514009 2.858604 4.923328 5.830536 8.422906 8.13361 4.709118 3.87613 2.956451 
  -15.38651 -5.497105 -0.9579115 5.216656 25.89382 7.723467 18.86105 5.148958 4.939783 2.362206 -6.299416 5.112268 12.07526 11.72019 7.919744 5.580638 8.282749 2.95801 2.145486 2.241217 
  -16.35016 -5.693346 0.3096194 10.88342 18.37411 10.06442 11.77891 2.639209 4.106013 2.812134 -0.9040675 0.8318682 10.96269 17.0675 7.246627 9.065001 9.517804 4.555778 -0.1582787 -0.8412356 
  -15.79934 -6.294796 -1.300093 8.464426 13.83141 3.462444 18.58653 -2.034268 4.232595 5.263849 3.763799 4.718831 9.746929 9.671527 4.530138 4.458984 9.334848 2.128871 -1.425031 -1.057462 
  -15.05069 -4.960455 -0.7728796 10.61884 21.38555 15.73789 21.87912 4.098046 6.935114 6.648897 -5.603736 -2.065741 8.229259 4.402188 3.576064 7.694281 10.2789 3.351676 2.193609 2.320553 
  -16.18555 -6.919746 1.657742 6.261277 19.84461 13.67681 25.57084 3.553915 5.881419 13.34019 4.241215 -0.09050298 6.298707 6.248845 11.40684 9.371577 7.989012 4.67195 1.518172 -0.559094 
  -15.43215 -6.807865 -2.887093 9.355666 26.39421 15.64325 17.59168 7.100708 10.00465 5.765397 7.221691 11.86695 14.84687 13.40884 10.70555 7.168015 4.505191 2.468268 -0.93339 2.048802 
  -15.54454 -8.021736 -2.913816 11.68076 26.18641 15.10006 12.00723 0.9823298 4.923181 6.352052 5.568553 12.79073 16.61493 8.265185 14.9809 5.911177 0.05129433 -1.457577 -4.195182 0.9364598 
  -16.18267 -8.374306 -0.09266448 10.3035 15.82829 12.60591 20.53876 -2.292883 -0.6374055 11.61386 14.60585 7.224698 3.68541 5.831065 10.55709 12.94158 9.261206 11.79326 1.851206 -1.458142 
  -15.23358 -4.126686 0.7450774 6.183549 18.22404 12.754 19.87053 4.813989 13.39867 16.34456 5.761435 4.407529 3.108648 2.892123 4.671481 9.661694 0.3641734 -2.876352 -2.461588 1.94273 
  -14.11711 -4.469465 1.890631 9.840062 21.18808 5.37879 23.40704 2.36422 -2.45577 0.9074144 -1.35747 -2.489013 4.054305 20.14504 10.85871 -0.1776435 0.9835154 -0.5323983 -0.9304417 2.364027 
  -14.95506 -6.692066 -2.457867 12.10142 25.83018 12.33395 24.68489 5.016556 8.968313 9.299584 -1.357798 2.657167 3.674369 11.0555 4.000545 6.361249 5.472265 -1.762444 -1.414514 -3.204395 
  -15.47506 -5.148695 -7.745221 6.802918 25.38246 10.0043 24.48556 4.061436 13.05974 13.50919 -0.7856035 11.30342 5.139365 3.335688 -1.346882 7.752038 5.084463 2.05369 5.163928 -0.9193208 
  -14.30612 -3.976376 1.081261 4.293658 24.04193 12.76424 17.15371 7.388168 3.287362 9.027882 -6.801557 8.523774 7.501279 0.6397424 9.587908 9.3301 10.26352 3.359879 -2.071603 -0.4617678 
  -14.4431 -6.048735 -2.408889 11.55441 25.18683 16.12764 26.43607 5.719156 -2.941141 2.181304 1.978468 5.71552 18.49152 16.53153 3.119725 7.305481 11.49119 2.098609 1.407328 2.160995 
  -14.56804 -4.781916 -1.470388 9.119746 23.20817 16.87377 17.86974 -7.109247 -1.454621 8.825744 5.440962 5.743009 19.95308 15.93641 9.77316 6.915747 8.030885 4.789898 3.856997 2.72815 
  -14.90054 -8.127586 -3.846774 10.82681 22.87083 12.38381 17.31002 -5.554975 -0.2805256 15.84344 8.631715 14.90687 18.22702 11.7624 13.69852 5.171845 12.95393 7.259528 0.7770205 0.9858608 
  -13.4761 -5.469065 -3.860194 5.960068 21.26237 13.1165 24.65259 5.453589 8.606174 14.1153 3.180654 10.56565 12.08836 4.008915 0.4240212 7.595585 7.444389 2.551739 2.024798 3.286855 
  -14.4103 -7.797016 -5.500175 11.82122 24.58628 14.90042 25.23633 -5.535835 9.993214 10.51281 -1.861787 1.458913 12.31548 9.149771 8.18654 4.74791 4.941815 -0.3855281 -4.908197 -2.45501 
  -13.98923 -5.211266 -5.017816 8.524659 19.95423 16.94412 33.57688 -2.807569 7.671354 20.0054 0.6239646 -2.582591 14.56202 0.9132481 4.224211 12.50138 4.701412 0.9198829 2.438128 1.437635 
  -13.47167 -4.223946 -5.439584 9.964422 20.49381 12.07285 21.92148 -3.236667 3.575564 8.228352 -2.005136 1.835824 14.60437 4.268967 7.874162 6.184735 4.371307 2.526363 1.150726 1.342557 
  -12.68885 -4.128586 -5.308767 8.634159 15.52315 9.920668 21.5053 3.380078 7.811401 18.87408 0.1591915 3.327413 18.28307 8.969364 7.242671 -0.9056518 1.980421 -0.3179961 1.945688 1.417142 
  -13.81051 -6.953426 -3.418349 14.24944 18.81774 8.586822 18.45542 -12.48796 3.960118 16.51544 -2.63192 -2.198653 8.548823 4.36339 2.704311 4.474046 4.184825 1.909358 4.655412 2.911079 
  -13.77206 -7.760735 -5.016634 9.798508 13.95161 8.490551 20.60673 -6.06374 2.837706 22.05129 3.708894 5.209634 21.83915 9.149704 3.50515 8.221986 10.39386 8.474044 6.942754 5.209258 
  -13.388 -6.440416 -3.551171 15.52779 15.10358 12.67249 24.23846 -0.3149893 15.45786 14.8987 0.6537024 5.125566 11.49374 3.028672 6.401649 5.351902 -1.097083 -1.212426 0.06544257 -0.6409384 
  -13.42489 -6.451286 -5.507658 11.46363 18.65492 7.578252 20.47441 -6.071123 -0.3798605 0.5583177 -10.48442 1.118142 9.142536 0.6219134 1.141907 1.193846 5.217798 1.633494 1.804695 -0.1376742 
  -14.12544 -8.769436 -6.512111 10.64496 14.95472 8.814297 25.37965 0.7909298 -4.073081 5.987959 -7.629374 9.240644 3.237031 3.283204 3.994444 -2.631716 4.1752 2.930147 0.5888327 1.310325 
  -14.5469 -8.258846 -5.050777 9.061786 16.92507 14.10085 17.79593 2.078704 9.021624 12.01506 -0.4592476 8.013036 3.971679 9.038961 0.8515434 -0.3729827 3.019462 -1.83706 -1.928799 -3.381545 
  -14.15023 -8.211975 -4.530265 14.31623 19.4529 9.010927 24.54244 -7.47537 -1.909566 15.7505 4.2394 0.3349431 7.905397 8.249516 1.994884 3.162351 4.972141 -0.1960727 3.250123 -1.156108 
  -13.4157 -8.339296 -5.621047 15.09875 19.02988 11.77515 30.40742 5.833709 5.400841 14.85093 -3.294745 -11.23777 7.817216 9.884317 5.569648 3.279363 -0.9241025 -1.302155 0.8014262 -0.3038129 
  -13.22624 -7.600565 -8.56644 10.49578 20.04988 14.07912 22.83727 -10.3702 -5.15028 14.27165 -5.128487 -7.509817 6.741508 5.924584 5.940632 7.505434 6.097964 3.60467 1.38252 2.248453 
  -13.37018 -6.072985 -7.605523 13.71378 16.59615 10.37259 14.04984 -7.052151 4.361062 9.190214 -7.878284 -7.921707 9.641447 4.24597 3.920892 -0.8821084 -2.958254 5.354154 1.123916 2.625232 
  -13.95876 -8.740015 -8.003176 10.37673 22.71436 9.76033 15.21585 -2.703684 11.04257 15.62518 -6.812497 -7.650558 7.340981 7.383035 4.112224 5.265075 2.878216 6.137018 6.075568 1.155418 
  -13.32697 -7.931175 -7.046134 8.556141 20.93606 9.578074 19.53332 2.331324 2.86449 15.53009 -4.2047 0.7960141 6.203984 5.057806 4.837716 5.831308 8.700456 10.9214 7.440603 2.524549 
  -15.32949 -9.161285 -2.936822 12.95599 23.70763 8.852181 27.16746 5.330944 1.568991 8.86511 -7.906037 7.25364 17.35151 4.815374 4.40311 6.686738 3.961289 3.00607 1.354862 3.164895 
  -13.1259 -7.353006 -7.273921 11.96809 17.55087 9.889256 23.19871 2.519751 7.883331 14.24386 1.899186 19.31562 13.18404 7.424412 16.0275 -0.2772577 -1.526598 -2.012887 0.07720567 -1.287528 
  -13.42963 -9.490665 -5.810009 10.5089 14.51639 8.734489 22.87436 2.580238 9.443893 18.66955 2.819367 17.30499 21.68161 6.427146 13.30046 3.335782 -3.504566 -0.8534404 -0.338705 1.392364 
  -13.27457 -8.317085 -1.510704 11.30672 19.71538 10.08983 14.03267 -8.493727 4.636217 18.66577 2.64043 11.20651 18.05998 6.407278 15.63562 12.58227 -2.87433 -3.868926 -1.052449 1.505849 
  -13.34374 -8.799986 -2.956962 10.72034 18.47465 21.1115 26.42773 0.4291518 7.456203 16.78612 13.06981 22.83417 22.54571 4.325142 10.46117 2.488319 -0.4844246 4.859507 3.498927 -1.233634 
  -12.92755 -6.744345 -0.9027376 14.28148 19.92046 16.30605 27.05065 13.1541 19.0748 17.68435 3.413115 10.32549 15.69875 2.637911 7.124584 6.270385 -5.788599 -1.706571 1.269053 -1.044311 
  -12.52526 -4.805845 -3.393835 9.167011 17.75685 9.304222 19.44848 -0.1020803 9.139863 17.11601 0.4486334 13.71422 14.38677 -0.02445984 10.4132 4.431944 -2.465376 3.144144 -0.5384223 -1.368754 
  -12.37736 -5.738565 -2.375239 15.60465 18.80263 14.49173 29.02041 6.472703 17.93094 24.93366 8.204829 7.382318 4.937232 11.8983 10.8557 15.32245 4.899756 0.5897387 -0.8344076 -3.195939 
  -13.60385 -8.123655 -3.658552 12.47023 19.89101 21.92865 30.85069 5.886348 14.50334 12.19577 -4.248405 0.5171671 9.282882 14.42497 13.12104 14.07707 7.973327 3.402247 1.582752 -3.72883 
  -12.03695 -7.134766 -5.580541 15.01604 22.42394 19.83676 23.98643 -8.54395 9.484823 13.22866 -5.771585 8.37943 11.20397 16.53388 15.77989 2.425439 -0.08905554 0.6450338 -0.08777475 -0.4034974 
  -12.09611 -4.866465 -2.008035 12.69815 10.22958 14.75696 21.78736 -6.198848 14.53438 17.3877 -8.543305 10.48695 12.59454 2.504249 6.055439 2.850092 -6.061747 1.616549 -0.7248728 -1.420982 
  -13.08713 -8.806416 -5.682085 10.81601 12.91677 7.960149 14.64883 -11.89711 11.31187 12.35816 8.455509 19.64219 12.2422 12.69295 22.08813 8.978727 0.8924994 -0.6639514 1.277761 -0.2869992 
  -13.8089 -6.080975 -3.594574 12.92591 17.40932 5.71934 29.05031 0.4055338 13.23555 19.97056 1.998512 6.988149 8.148969 4.510154 15.89176 7.926301 0.6046535 6.106229 1.823758 -0.3256288 
  -13.28226 -6.312206 -2.547918 14.94578 13.00818 8.633085 22.4628 -0.006996393 9.949574 11.80272 1.325098 7.658957 19.33033 1.357177 3.924723 0.3056743 -1.983393 4.344184 5.744305 1.858066 
  -12.23489 -4.770086 -2.223223 15.39689 18.89488 13.95965 20.19778 -9.330276 3.442098 12.3929 7.128319 13.64282 16.86788 9.894819 7.683957 6.988792 5.040766 3.201221 1.655799 -0.3655225 
  -13.56098 -7.488176 -0.8406446 16.78451 20.27065 15.68328 28.01297 -3.655868 1.004061 15.06859 0.2975065 12.27112 10.77658 5.835703 12.48256 12.02124 8.121544 3.476333 2.03021 -0.5279736 
  -14.80211 -6.155365 0.5330284 14.491 17.90077 14.85991 17.21658 -8.192535 5.86415 14.56151 -5.404742 7.791032 6.94286 -4.856407 1.465075 2.487628 2.702181 8.421126 3.443317 -2.478805 
  -14.11493 -5.115446 -0.001788616 10.28076 18.25483 8.879207 19.5038 -2.190888 13.566 14.65676 -2.325767 8.578511 8.479032 5.813224 -1.418751 -1.422617 1.354293 -1.968611 -3.404807 -2.721483 
  -13.90426 -5.255215 -3.75417 10.55965 20.62151 15.75269 18.39811 -6.894197 4.175161 18.33175 4.569871 7.661496 8.871076 4.236317 7.708995 6.12143 1.126 -5.422194 -0.08298472 2.089089 
  -14.09547 -5.620176 2.041319 15.0928 25.48478 10.672 19.54278 -7.672241 4.030199 9.797903 2.719576 2.241506 -0.3043494 -0.3757286 1.677294 1.918532 0.6652185 -2.457829 2.218878 1.58728 
  -14.67483 -7.882555 -0.4015515 8.969143 24.35714 20.16371 25.60834 0.6393127 -0.1927276 1.627912 -0.6375616 3.661523 6.015569 7.169748 12.45684 6.924767 1.074549 -2.32463 0.5086533 -1.461913 
  -15.64818 -5.946516 3.735954 11.90374 20.99077 15.45852 26.41035 4.548732 1.103141 4.919959 4.66404 7.06099 6.349091 4.76398 6.908737 2.436225 0.1121254 4.945803 1.02332 -2.939404 
  -15.62786 -6.807896 2.770314 14.0219 19.60801 8.576799 19.17481 3.173604 7.839982 24.29584 9.796453 12.73132 14.20949 9.851084 8.690191 3.478995 2.091545 4.281944 3.298292 1.868081 
  -15.17885 -2.684315 1.251951 9.05302 20.71905 9.515018 18.69614 -0.2725494 3.787466 13.58488 11.55876 5.11752 11.81577 5.980969 2.411683 -0.3433764 2.127294 4.51114 2.486444 3.285707 
  -14.48026 -4.634195 -1.127042 4.920077 17.91398 8.092176 19.81484 2.585394 8.606943 13.08917 21.30145 9.009851 0.7969017 3.801214 4.578399 2.663325 1.893416 1.191656 -3.00169 3.115275 
  -15.31045 -7.220755 3.056083 16.45612 30.74406 10.60329 14.34006 0.4420347 10.24817 11.06797 4.283116 14.32352 20.77815 12.91615 4.041424 0.6310794 1.868314 5.21224 4.003754 1.019819 
  -14.39769 -6.130945 2.676709 9.04853 21.02036 18.06264 17.06549 3.677577 8.695423 14.3179 11.89067 21.52338 22.39733 13.40582 10.13766 3.071865 1.344584 1.899756 0.01018497 -1.637039 
  -14.54855 -6.784655 0.5288925 11.80057 24.54914 15.06044 17.27389 -0.9582512 13.71544 14.91755 16.07657 9.355874 10.84158 18.37093 18.0579 10.69866 9.729345 5.770427 -0.5875136 0.8724138 
  -14.98893 -5.992266 0.6837773 12.9481 22.83775 11.61165 27.36828 8.117928 7.510476 10.1042 9.653206 11.36339 14.30183 17.1848 13.28051 1.912858 1.912871 -0.9114574 0.8440968 0.9892588 
  -14.32238 -4.180836 -2.053128 10.60918 20.52189 12.28474 28.69977 6.475305 2.270689 7.085707 13.89924 5.877328 6.726612 10.38084 6.565228 1.633122 3.064897 3.026145 6.218007 4.693891 
  -14.43065 -6.913826 -4.522861 9.233642 20.11569 11.97276 15.49339 -2.425033 9.790553 8.459746 6.045911 9.669374 14.68137 14.21095 11.9749 8.69194 3.390855 0.4325766 -0.9597228 1.90749 
  -13.82776 -8.901756 -5.532398 4.030383 15.32283 9.547951 15.73409 0.8987966 9.349573 15.68336 12.39452 16.07976 18.10568 18.93536 9.131199 1.954282 4.326444 5.265287 3.357591 3.100935 
  -14.59851 -7.975376 -3.430514 4.489261 19.44337 9.515287 15.15735 -0.7230473 12.11556 16.34081 12.60597 16.1936 9.533299 11.94908 6.735992 -3.456536 1.716493 0.2904179 -3.051533 0.09333842 
  -14.97717 -10.58937 -5.128723 7.932137 16.6008 6.057552 17.63314 1.654273 7.481325 6.214709 5.24189 7.471627 9.215719 7.511915 9.273706 2.991349 3.241248 1.025663 3.462808 1.516748 
  -14.46353 -8.307505 -1.227875 10.31915 21.05666 11.50151 13.90239 -1.897018 7.105886 1.691693 9.828515 3.507005 5.405055 8.890169 6.863937 5.559698 2.344101 2.184544 6.725662 4.253994 
  -14.80198 -8.398245 -3.4196 10.60544 19.00836 6.800695 12.74761 -3.738435 8.970384 13.70886 3.725094 -2.089854 10.09104 9.803195 7.213556 4.439097 3.30641 4.984027 4.004304 3.589357 
  -13.52789 -7.189526 -0.3678305 11.19814 21.55596 13.7957 27.03016 4.820677 9.107503 9.300303 -3.417776 -2.590899 10.66238 14.85831 0.5947075 -1.817077 -4.548847 -5.819178 -0.4751051 -3.526493 
  -14.69382 -3.317606 1.501204 8.871606 19.89199 11.21317 23.1406 5.85775 1.558542 0.2057137 -0.6963105 3.026296 6.917305 10.04761 1.384295 5.176612 -1.147825 -0.4192568 1.418938 0.5483883 
  -13.80581 -5.109205 -2.106741 10.71526 24.30354 12.81193 18.98101 3.669853 3.247102 15.21283 7.867681 -0.979274 2.249348 -0.6272297 -1.951315 0.9124234 -2.645181 -0.452531 1.575745 2.778969 
  -13.8312 -6.346685 0.2045643 16.05245 22.82294 15.90611 17.89336 -7.560806 6.024673 10.31292 6.24072 0.455827 5.412186 5.356844 5.164197 -0.2508848 3.521713 0.03939906 -1.652319 -0.4918299 
  -13.15325 -4.405756 0.4340913 9.035756 13.32379 10.35092 15.06089 -4.008985 1.321985 10.38039 -1.76415 0.8861132 10.21855 8.021529 0.8754325 -3.958429 0.8520334 1.842977 1.418336 2.53052 
  -13.71573 -5.512495 0.9382522 10.22025 17.41959 -0.5374184 10.85528 -3.745711 -4.206962 10.84254 3.880461 6.670953 11.72884 8.10501 15.80308 8.737975 3.711084 0.594799 -0.8914921 1.34964 
  -13.21021 -4.231295 0.5804935 11.18797 18.7507 0.4831605 11.56323 -5.781827 -0.7868565 9.431004 2.955755 15.27936 8.166824 2.061576 0.3777132 2.356684 -0.4943676 -3.16718 0.9978347 -0.8234605 
  -14.16208 -4.729925 -1.408514 8.013202 8.704796 -3.365027 14.69469 -5.244914 0.6506355 7.335246 14.11598 14.64741 10.69519 4.977531 -1.251302 5.512022 8.62269 5.849486 1.355762 -1.364468 
  -13.13107 -3.819126 -2.86449 7.761555 15.79273 4.227493 17.19376 -9.849319 4.205852 18.85928 14.05661 10.62997 8.772283 6.33172 8.171813 7.363261 0.02443838 4.748402 -0.4372346 -1.301076 
  -14.16821 -6.873146 -3.314893 11.41657 17.42713 8.564373 24.3362 -1.309862 9.546753 18.53895 2.63831 3.785794 2.734267 -1.912272 10.40858 3.742279 -3.319873 -1.337877 1.675277 1.323872 
  -14.00281 -5.754395 -1.746899 10.07705 15.67497 -0.0558815 8.852283 -2.698736 13.58128 20.0516 0.7224065 -0.8645008 7.907484 11.55565 7.925123 8.560149 8.496308 2.123892 1.228198 0.81199 
  -13.49149 -4.100386 -1.851219 6.97689 17.53424 3.180831 19.18133 8.013477 5.765697 16.92658 1.12038 8.918036 8.321046 9.746534 7.806053 7.165773 8.941141 3.11738 2.222683 0.2505099 
  -13.65077 -3.670155 -2.044915 7.566365 20.77969 16.91478 27.31488 0.5081129 9.797373 16.0559 7.953629 6.33888 8.212343 9.999226 15.14206 8.449934 5.423605 1.089924 -0.8761324 -0.143894 
  -14.13666 -4.695805 -1.416094 10.34321 25.72539 12.08197 20.00196 6.205176 10.00779 12.15441 12.19681 5.780305 1.792907 0.07928514 18.10964 9.315197 5.105157 2.961493 0.6296837 0.2773519 
  -14.26199 -5.826355 -5.338313 4.620969 14.78231 6.21025 5.770595 5.267284 18.89897 22.15591 15.28078 15.96261 12.07057 8.100449 6.218312 2.665464 -2.618836 0.7105727 -3.158844 -1.378924 
  -14.43026 -10.22037 -6.451112 0.8804541 15.82577 16.17103 17.51165 4.56528 8.140333 19.63869 2.83304 7.609666 9.489629 7.132239 13.97766 10.04745 2.836024 -0.7606934 -1.017365 -1.201643 
  -14.66133 -7.435076 -3.781163 10.41393 19.54431 12.36219 22.93269 1.239384 -2.321913 2.997263 -2.057503 6.859094 7.192848 11.89852 12.04238 6.687218 5.903078 -1.428815 -1.484741 -0.256811 
  -14.40077 -8.206146 -3.883 3.95703 18.55 10.61833 21.7898 1.580583 1.802989 11.91447 8.649027 18.17695 10.89551 2.389044 7.71507 10.81682 5.997478 2.763444 -0.360907 -0.4148574 
  -14.40958 -6.531445 -1.929516 7.997505 19.29986 9.631786 14.44036 -6.064955 -0.2647705 7.04814 10.42462 10.52882 20.33915 9.441843 14.5422 13.19332 6.114254 0.1007348 -7.070541 -0.3682925 
  -13.26689 -3.307505 -0.7249017 5.047472 14.5138 7.970922 17.20546 -3.579777 11.50298 1.238428 6.499255 7.722722 9.896162 10.04551 11.06374 3.29512 -3.321232 2.569963 -0.8303255 -0.1789449 
  -13.55599 -4.181156 1.02332 8.076363 25.37124 10.11209 10.23665 -13.05079 -5.872616 1.074499 5.16364 10.55092 8.736547 9.594139 15.67751 4.02599 -3.793534 0.1120475 -1.240353 2.466585 
  -13.79461 -7.139265 2.052697 11.13966 18.3324 9.084248 16.80077 -12.96477 8.491703 24.88142 9.886982 1.72041 9.663271 6.222157 10.28578 6.955278 1.768456 -1.63467 -4.464154 0.5326263 
  -13.35705 -5.586695 -2.523693 3.057121 10.38965 8.108333 27.78585 -0.3363874 12.94439 14.64053 3.050705 8.004786 10.58931 5.645788 2.852191 0.006659269 3.355761 -1.025624 1.44951 0.5667238 
  -15.14807 -8.588585 -4.727513 4.616015 18.57634 8.62572 13.01337 3.130008 6.806484 4.147768 -2.699036 11.77735 18.85417 7.618537 11.23459 1.811994 -1.064466 -2.654629 0.5253391 -1.698326 
  -14.005 -9.594086 -4.723057 9.462942 18.8447 9.367472 18.06354 -1.491087 5.129188 8.500421 3.047497 16.23992 15.38043 12.62965 15.38381 8.151384 2.702359 2.082091 -0.5321118 -0.1482813 
  -14.51655 -8.193605 -1.252734 6.331635 18.77392 11.87661 21.443 -1.779255 2.425535 1.072978 10.43278 10.56013 11.31647 10.89384 8.8503 4.23984 3.633667 -1.259167 -2.718619 -1.383798 
  -13.21409 -5.921175 -0.9204345 4.427425 8.555565 1.088394 13.72434 -0.8960142 -5.879903 11.07545 14.54142 0.05991912 5.76947 14.80328 8.778372 3.045538 -2.038601 -2.491584 2.345433 0.4266024 
  -10.46894 1.260984 4.759394 4.092993 -0.3399715 -6.02833 2.494501 -14.66505 -2.846595 7.483156 13.40111 11.52546 1.806886 8.453051 7.753138 -4.915109 -0.1187165 -1.002584 3.038136 0.9650968 
  -12.32899 -5.646315 -0.04256463 4.452117 13.99932 2.279602 5.426779 -9.561544 0.5917056 3.269112 2.988735 7.783467 17.06581 2.532888 10.89823 -1.14256 -2.394192 2.913178 1.610595 0.06485663 
  -15.129 -7.524405 -1.992235 13.17454 24.59385 7.529254 2.213721 -7.547977 4.555797 7.417399 3.526181 8.221685 13.35214 9.257504 9.081182 10.73528 5.302542 -0.04188502 -1.127946 -2.554314 
  -14.9872 -7.884075 -3.054175 9.922737 22.26551 11.8678 15.82528 8.673168 3.699693 9.149645 3.114421 4.791398 18.85544 14.36446 12.56506 9.217654 7.961599 1.019955 1.194087 -0.2294538 
  -13.59365 -5.030685 -2.859065 7.676129 14.30732 5.92065 14.89587 -1.350311 7.784746 10.54876 0.4566034 8.290258 6.4565 11.81904 11.67592 3.856847 2.988962 0.1573291 -1.511643 0.8425478 
  -13.91336 -7.855696 -6.38174 2.932728 16.72891 14.33415 14.21957 -1.943069 1.138057 10.69961 12.31351 14.03921 7.07003 5.890149 4.829111 -0.1600416 2.80103 0.3514794 -2.715725 -3.13678 
  -13.23713 -5.152706 -1.863087 7.252058 16.61711 2.16371 22.52394 -2.290142 -2.369229 3.944143 3.498971 19.32918 18.00982 6.592653 1.588474 -1.810972 -0.4312696 -5.245142 -6.591002 -1.28449 
  -12.78452 -3.053015 -1.64442 4.501672 14.34168 4.721101 17.58938 3.840399 6.423277 4.734324 4.069239 12.01626 14.19229 7.142333 10.71901 4.978244 0.5103304 -0.8957554 -0.7011461 -0.4295134 
  -11.87192 2.070415 2.847162 -3.767215 4.391889 0.9784236 6.827708 -18.60669 -3.162972 6.103443 -2.223912 12.96006 20.29343 5.404282 15.08723 9.830857 2.204661 -1.062598 -1.483963 0.9927948 
  -13.50334 -3.067965 6.135752 7.83729 15.915 0.7721195 3.182891 -3.164798 7.299255 12.1619 6.943361 6.003888 24.46175 13.74763 13.60807 2.322632 2.156589 1.361344 -2.867686 -0.02646758 
  -10.94526 3.296544 8.329255 8.294734 12.18435 2.89233 6.272298 -3.998756 -3.949871 -2.936779 -0.8588316 -0.8034008 5.187764 7.73394 11.04235 8.956558 1.615074 -1.6616 2.239937 1.751639 
  -7.212772 14.83379 21.10345 8.890095 0.298768 -13.68021 -1.101748 -9.157744 -10.28998 -10.48764 -13.13869 -12.02983 -3.92823 1.38792 -1.46549 -1.197511 3.531327 3.417224 4.696419 2.555213 
  -0.7090149 28.35814 19.4093 -7.557985 -13.48947 -16.59283 -16.73139 -11.96921 -11.22467 -18.41972 -19.99992 -14.45706 -3.911927 -10.23204 -5.194959 -5.435936 -1.455577 4.289424 6.444193 1.717716 
  1.43911 27.75256 12.83916 -6.369675 -11.00604 -24.18937 -14.40052 -14.54352 -17.57108 -16.37525 -20.94398 -11.42124 -12.36189 -25.12834 -7.888029 -10.12494 -1.113903 -0.8242764 5.794278 1.476514 
  1.982681 27.89063 11.84375 -6.238185 -13.66756 -19.73535 -11.7235 -14.78155 -14.84236 -12.4041 -20.71519 -18.33304 -7.463926 -24.88235 -12.44592 -10.95725 -4.383341 1.021311 3.697984 2.95665 
  3.147491 27.01115 12.59179 -2.403052 -12.98814 -18.87439 -18.24323 -11.95248 -14.80435 -12.62364 -8.170128 -10.06931 -14.27811 -23.71878 -19.03183 -11.18904 0.6149474 4.026371 3.60044 0.9068078 
  3.667625 28.73966 11.68647 -8.477575 -17.81614 -18.23945 -23.84991 -14.12823 -11.26935 -16.13346 -5.788296 -17.4974 -21.33326 -15.80436 -24.05228 -13.17207 0.2858343 1.068773 1.812074 3.566095 
  3.624519 29.97775 15.82709 -10.20442 -31.57957 -17.59428 -21.56234 -11.36587 -6.106004 -22.13494 -5.860923 -8.874487 -24.59467 -22.20127 -17.95953 -17.95218 -0.7783215 0.7878565 3.764232 4.040183 
  5.013931 28.90899 19.72308 -13.76305 -32.88973 -20.28601 -30.2875 -6.790846 4.541507 -13.71838 -14.32591 -15.35014 -16.63912 -19.50902 -19.67118 -19.26631 -2.292236 -0.9158404 4.860072 7.318282 
  5.860664 29.15025 21.37119 -15.5818 -34.06505 -20.22143 -26.52862 -4.533504 -2.13043 -13.47898 -3.530741 -6.349974 -18.95819 -25.55667 -23.97964 -18.86777 3.604131 0.09021416 6.878906 2.638284 
  7.060196 29.01722 19.2039 -17.83426 -40.38933 -11.27712 -28.09311 -14.18618 -5.188105 -8.77241 2.306864 -12.35851 -17.59777 -26.51825 -29.82099 -18.59166 4.620261 2.441818 5.607404 2.914693 
  7.526245 29.18661 18.15869 -22.13959 -39.49611 -14.56444 -30.54305 -6.959436 -17.18651 -5.94558 1.76485 -12.31173 -18.6829 -29.63333 -32.71388 -19.05298 4.694397 3.480406 4.806049 0.2233121 
  8.957581 28.71984 17.05417 -26.45292 -42.06443 -6.17266 -28.44034 -8.630644 -11.82456 -11.88373 -1.960819 -2.853885 -21.57468 -29.86183 -32.97259 -16.40222 3.961842 1.449878 5.56486 1.12884 
  9.843628 27.74852 17.30975 -35.40796 -42.76568 -4.697773 -21.68181 -11.38923 -18.11081 -18.58847 -0.4704607 -5.530875 -21.09906 -33.14377 -31.94829 -14.82442 1.676545 0.4269027 3.116362 0.2729751 
  11.64835 25.67117 13.96371 -37.16621 -44.89599 4.383704 -25.75703 -8.948488 -18.00437 -25.77026 -5.68177 0.7048502 -26.66694 -25.64305 -34.69353 -17.89228 5.122601 -2.307333 2.86623 -0.8781456 
  11.64267 25.69993 15.46 -43.0084 -42.86754 9.962358 -19.55094 -13.32747 -18.21367 -27.55973 -7.151856 0.1611302 -17.30479 -32.01672 -28.90673 -17.0906 1.811129 -0.6862354 2.485748 -2.779726 
  12.50727 25.16859 13.64771 -40.32047 -38.98169 12.92408 -14.2789 -11.82763 -14.32234 -30.16125 -1.720921 -1.953418 -14.90569 -23.13054 -29.20214 -16.12964 4.149302 -0.303952 1.515804 -0.778716 
  13.61288 25.52 8.631745 -36.69434 -36.64118 17.53937 -14.59088 -8.744953 -13.56031 -29.10997 8.815368 -7.333397 -14.31769 -22.09653 -24.33864 -15.8683 6.027159 0.3260107 1.25964 0.594717 
  14.29816 24.25982 7.139686 -36.90067 -36.23934 19.95135 -18.2514 -8.623604 -10.9023 -26.7713 3.853954 -7.675237 -14.02283 -21.13918 -23.36697 -15.66451 4.7786 0.3452563 1.220329 0.6127484 
  14.1753 23.58843 5.497416 -39.92564 -34.58061 20.03005 -23.45378 -15.22806 -4.404146 -33.05398 0.7888885 -7.633097 -18.12764 -24.41899 -23.10137 -12.44113 -1.099844 -1.533505 2.429735 0.4898125 
  14.91074 21.48522 6.869349 -42.94706 -27.18784 13.44863 -17.28877 -15.94129 -12.08877 -25.05482 -1.361596 -7.189327 -23.12889 -19.6482 -21.81205 -12.24279 -1.41169 -3.468442 3.44999 -0.05666107 
  14.14939 23.40179 4.860507 -39.60595 -34.31222 25.01446 -23.42687 -15.61344 -7.648867 -32.52035 9.024223 -15.1664 -23.30222 -16.60822 -19.57882 -15.25837 -0.04140449 -3.322026 2.392013 1.946315 
  14.39137 22.60752 5.513053 -40.87532 -33.55449 27.7226 -23.54091 -17.18712 -11.95734 -24.9987 4.672054 -17.88531 -20.08503 -17.55704 -20.48195 -12.77826 -2.630922 -2.297136 1.62629 1.433321 
  14.92282 20.62885 6.211734 -42.02715 -32.36118 25.82125 -21.20569 -19.70453 -14.91206 -26.069 8.620591 -23.98568 -19.27517 -20.74428 -16.37094 -13.47023 -6.081638 -0.9093164 0.6796877 1.717247 
  15.1827 20.35933 6.738732 -40.19537 -34.30419 27.70516 -20.12899 -21.44784 -16.79313 -22.80503 7.316847 -21.53055 -23.76358 -19.71683 -12.85305 -14.46 -7.118131 0.1401845 1.349019 1.737997 
  15.95309 20.58675 6.338837 -38.62354 -34.09937 26.29605 -18.85203 -27.98534 -8.833529 -22.77159 5.436235 -16.81987 -29.12751 -14.84169 -11.34946 -18.14674 -1.482137 -0.19385 2.858684 2.30394 
  16.29034 22.86236 3.936291 -40.46946 -30.10311 23.77141 -22.93207 -30.1045 -4.994369 -19.90897 1.054817 -16.72607 -24.9107 -16.08838 -11.79818 -13.14596 -3.894356 1.055779 5.893423 0.6266912 
  18.07688 19.28913 3.355814 -36.28915 -35.16216 26.1065 -30.94587 -30.52136 -3.098648 -16.53043 0.8593614 -24.44591 -19.90454 -13.16303 -14.44756 -10.50702 -3.841954 -0.4598232 7.499892 3.252049 
  17.98485 18.58456 2.348778 -38.86089 -28.98126 14.58149 -35.39957 -28.54 3.105184 -21.72353 -3.918772 -19.17575 -24.3092 -12.4612 -8.864649 -11.99333 -8.956921 4.495827 6.195722 5.009473 
  17.64079 18.55086 1.433524 -38.04456 -24.01567 8.129374 -32.99795 -26.01729 4.562676 -18.69151 -7.476172 -11.19194 -24.75251 -8.692357 -6.688269 -14.9778 -1.978695 4.165385 7.753045 4.403922 
  16.21066 21.2937 0.3184035 -37.77808 -25.87287 5.826885 -28.69333 -20.83191 4.374325 -18.99894 -2.271597 -9.967007 -18.46056 -8.527077 -9.653849 -7.779161 -2.601656 4.916874 10.47516 3.101137 
  15.57867 20.3915 0.6731954 -40.92537 -34.19705 7.807123 -26.04769 -21.55375 2.009496 -21.22823 0.9504907 -8.829027 -18.84117 -11.02254 -9.828169 -7.895061 -1.644698 6.998652 4.245457 7.095323 
  14.23643 20.63881 -0.5684106 -45.53238 -37.82804 7.243049 -20.8706 -29.58069 0.9034915 -19.2837 0.8916499 -14.40381 -15.88192 -13.42434 -9.241479 -10.31988 0.1149614 4.762412 5.460768 6.612766 
  13.9924 20.12298 -0.3616776 -47.38284 -31.80101 16.09217 -27.37904 -28.39804 14.12243 -14.80047 1.696055 -12.36825 -14.70612 -5.683207 -10.32572 -10.42679 2.083478 3.608 9.65958 5.095603 
  14.38894 18.33365 -4.607513 -44.16626 -25.32313 26.11316 -26.14186 -23.55993 18.92778 -4.553901 4.084782 -13.20067 -19.4582 -1.377293 -2.395977 -8.032502 -4.347485 2.072956 6.733232 5.37005 
  13.12523 16.0447 -4.5563 -41.0313 -17.78067 35.19094 -19.55879 -18.33205 14.9406 4.574193 9.294369 -15.9625 -8.775887 0.7787814 8.42287 0.2736003 -7.041911 2.559484 -0.3021238 2.962832 
  11.05945 15.44187 -5.51281 -30.81551 -17.53426 26.23867 -24.71833 -23.08202 18.54195 3.123781 1.77528 -21.78968 -13.91363 0.4421682 9.586768 0.5758743 -4.347172 7.549282 1.700833 5.395774 
  10.17382 16.08932 -2.546042 -23.02542 -15.80417 26.57454 -20.73024 -23.29977 29.0727 -0.1034203 -11.50988 -19.42175 -14.83469 6.268613 21.30421 10.70644 8.442135 9.859456 -3.785407 -0.5301036 
  7.214485 19.51541 -7.615187 -22.42842 -12.48644 8.112995 -17.43837 -15.46481 25.01683 -2.788052 -22.94887 -20.84854 -12.85697 4.870458 29.46793 18.74766 16.21025 6.401608 -5.451159 -2.817828 
  6.651939 14.51516 -6.736767 -25.17043 -16.76967 1.969231 -15.47636 -2.494531 19.43239 4.585521 -26.18145 -23.94354 -11.83008 9.337778 21.88742 23.21818 18.19573 12.29334 -6.513737 -6.605148 
  1.673569 11.93969 -9.91669 -19.9621 -10.88745 5.413041 -20.27072 -8.366711 39.76623 24.80063 -20.58264 -2.889109 15.00211 5.556115 13.99141 14.53892 1.750888 -0.5854244 -7.267305 -1.086081 
  -5.219505 10.46563 -3.950891 -6.794575 2.295878 -6.82967 -7.95159 3.248994 41.05203 13.76835 -17.96521 -6.537784 11.64392 -1.285327 10.4522 13.74182 7.042023 -1.709392 -5.739798 -0.05186607 
  -9.094353 9.083113 8.387735 -1.37011 7.95261 1.544462 14.83607 -1.016112 9.853303 13.91805 -2.023684 0.4576471 4.631079 8.597291 20.07404 13.89183 3.667052 -0.4695077 -0.7422109 -1.055794 
  -9.843212 5.250634 6.982056 -0.604003 7.881355 1.479323 21.24489 -1.702817 9.799403 17.63538 0.02646542 -8.319987 -4.534709 8.893211 17.35158 14.542 15.85255 6.464424 1.030007 -0.6121192 
  -10.95301 1.437135 3.441715 8.324554 12.89357 5.057638 19.49764 -2.353746 2.786954 6.686579 3.577618 0.9859631 -4.058315 15.18193 17.07166 11.21577 7.037509 2.133587 3.71134 0.6912292 
  -10.28512 1.420494 1.738005 9.68741 18.51939 5.724015 15.38195 2.068798 -4.447401 1.642232 1.08401 -0.5428879 5.79465 10.13974 13.08191 12.6645 0.6700364 1.180377 -2.288181 -2.147592 
  -12.18916 -0.5955162 6.178381 13.92584 18.40994 6.349437 19.77942 11.221 8.080495 13.88866 3.531827 -5.621856 -7.442037 5.041332 20.60441 3.214088 -3.337975 -0.1390449 -5.306091 -1.295361 
  -13.12806 -2.403786 1.895709 13.59818 20.78198 9.072838 24.73621 9.224928 -1.254214 -4.174759 2.65238 0.3736811 -1.451401 0.6511474 4.297138 4.523893 -1.107335 3.226203 -0.3588374 -4.760948 
  -13.69641 -2.436466 4.319271 10.5191 14.76471 -6.40412 17.31449 10.97583 -1.499925 4.871939 7.178349 11.42542 -1.385827 -0.926477 2.341571 -1.027272 -0.3442965 -0.4415821 -3.560146 -2.752095 
  -13.65766 -2.824785 2.124114 14.09313 18.28823 8.109859 13.44046 1.464499 6.736816 16.25655 5.59633 -2.427832 1.447879 0.3364944 6.989638 4.689798 1.687096 -2.36078 1.802992 1.454008 
  -13.38846 -6.972166 -7.105674 6.07776 16.89464 5.812115 17.82809 15.58821 18.63191 12.65042 -1.394123 -7.398017 3.385177 10.4573 7.708413 2.846054 3.381496 0.4546465 -0.7526664 -0.5922872 
  -12.34774 -7.146536 -1.931725 9.256413 16.92355 12.95813 17.8489 16.29716 19.37946 13.12882 0.8105201 -1.653594 5.874125 14.2081 6.540783 5.360915 4.043653 1.614409 -2.70357 0.7510586 
  -0.4037628 -14.37856 -8.413732 13.62086 4.713013 20.84227 4.598467 10.81593 21.84643 -5.59821 9.41468 12.79736 1.923944 22.4294 5.28062 5.664361 5.182909 4.917343 -0.568881 1.938612 
  4.002815 -21.60057 -2.519499 10.98046 7.790854 16.19368 -2.463058 8.142838 21.52864 -13.29756 12.49924 14.92243 3.487518 21.20852 9.930958 4.673959 6.124454 4.64989 1.251776 1.214545 
  4.84832 -30.14339 -0.2149706 6.594586 4.653983 15.65116 -4.472769 4.517975 20.45109 -6.39595 16.68062 18.86217 9.398806 23.29801 18.47454 9.169333 8.257947 7.727343 4.448585 2.488095 
  9.716927 -27.34204 -6.256567 4.689838 -1.058162 2.749689 -10.65411 1.162477 7.322168 -12.5226 20.52362 10.96505 7.409345 24.44696 17.25647 7.436144 10.83307 6.441079 3.698886 0.8345283 
  9.049728 -39.17039 -0.7496316 7.571505 -0.8060017 11.58245 -9.286659 8.410528 14.24822 -22.2904 24.46811 17.27664 0.8259015 31.24504 12.51198 9.414031 12.04116 5.020263 2.665613 -0.1622853 
  7.581429 -42.66085 6.001667 16.69337 5.228113 18.94345 -5.68549 14.13339 20.48564 -20.49891 16.21282 16.31436 -7.548246 26.75201 -4.469409 0.6307974 9.152883 4.395553 -0.311318 -0.3670071 
  9.565086 -43.75843 1.275887 15.47177 5.912408 8.41503 -4.381548 19.87847 8.093048 -8.08238 25.52132 26.24678 6.258199 23.86303 4.084938 8.725212 11.89295 9.197123 3.618938 1.520834 
  9.196877 -45.8121 -0.8943017 22.17571 7.701922 6.895696 -2.530659 29.49256 16.11323 -11.9323 27.76156 15.86767 3.274082 23.45311 6.961249 9.036176 12.21499 8.099297 4.975492 2.134286 
  10.5623 -44.42076 -4.85426 24.94385 -0.8521719 3.574315 7.31428 30.55028 31.71035 -2.613046 27.35847 14.84667 -0.6225305 24.02135 -5.790918 -0.7536848 6.991022 2.95803 -1.78091 -2.977306 
  10.56438 -35.62086 -5.488236 22.26229 -3.768702 -0.6653194 -5.547249 20.59098 19.39617 -12.19308 26.50542 20.16063 11.94473 25.25137 -2.24736 2.07002 -0.4653137 0.4186695 -1.689284 -1.770564 
  8.250107 -31.58207 -9.938448 21.72264 -0.2059612 0.8275609 1.935341 18.8594 17.37243 -13.46479 23.60392 8.769971 -3.613564 18.55637 2.019719 6.575732 1.015705 6.454206 4.476526 1.871912 
  7.468124 -18.32856 -10.08517 16.65211 -4.914911 -19.48372 1.757462 33.0343 17.7434 -2.682172 26.42644 23.56067 5.704247 5.047151 0.6231065 -1.344249 1.468182 7.432718 0.8043337 3.143332 
  3.689125 -12.71706 -15.15096 12.43562 -5.270002 -15.48761 2.595111 26.95109 23.69439 5.489268 28.60875 32.56116 9.6453 7.385592 -0.5706534 -2.997256 3.969082 7.26236 3.30432 2.512773 
  0.05635071 -7.938965 -11.02822 19.85706 2.518309 -14.78231 4.143425 22.52887 11.94347 -3.630284 24.96856 13.33575 -0.9348626 12.26074 5.788594 10.55773 6.176963 7.275377 5.609125 1.09975 
  -1.878876 -6.506065 -8.749835 23.54424 5.912529 -14.5773 -7.258938 17.59781 16.50037 7.491263 19.79976 12.25464 -7.015476 0.16994 5.671242 17.19983 12.52159 1.726751 6.080673 -3.137933 
  -2.132858 -7.607735 -13.90044 18.13556 0.06844807 -3.402165 3.555501 17.97234 1.206079 -15.15879 27.3395 22.8333 -3.021212 -2.482283 -0.7260766 5.276608 7.393526 -0.2690165 5.33918 -3.116906 
  -3.90564 -7.462036 -11.40027 14.81296 1.777719 -8.27331 -3.238348 12.04663 15.0405 2.786259 22.86413 23.15596 6.283288 0.7555752 3.100801 11.52685 4.851449 -0.1224571 5.112743 -1.787944 
  -4.887939 -6.817316 -14.68839 11.46284 3.918148 -6.05859 8.898886 12.89302 14.90717 1.570667 14.49183 22.37705 7.323815 -7.786007 5.782519 2.804198 -0.2282376 11.48643 14.26882 0.06758013 
  -4.296394 -3.485186 -12.78553 11.02458 8.166113 -15.83928 -5.038818 18.19446 16.01033 -4.093406 14.21968 28.44506 8.494948 -5.897346 7.014154 7.216886 -0.2411385 9.643441 8.869469 0.01864213 
  -4.445541 -5.264326 -14.39786 10.53413 9.458142 -14.98041 -5.247528 24.70326 24.70032 -8.640141 19.40849 30.04688 9.131788 1.930878 6.028708 22.47062 10.89117 3.862792 5.786532 1.54672 
  -3.841339 -4.694946 -10.76052 8.102231 6.097755 -5.83701 11.49076 23.15345 19.14752 -8.18117 4.140946 18.72664 14.84546 12.38483 6.648924 6.245066 4.289109 5.483197 3.554871 -2.28713 
  -2.855309 -10.14483 -12.65487 8.541185 5.748818 -2.866698 9.382027 17.84604 17.00202 4.955627 6.019392 25.09413 18.37193 3.551168 6.391576 6.999825 4.23525 1.04397 -0.425796 1.75346 
  -0.9989395 -13.24197 -10.91259 9.516677 4.266648 -5.882801 7.085951 13.30027 20.05896 14.61004 3.103741 12.09076 12.05845 -5.777687 -1.065442 12.59082 5.464631 -0.7412474 -0.7560387 2.30398 
  2.254311 -18.02119 -12.31714 4.9043 9.467367 1.180488 4.236924 17.00433 12.6096 10.71327 3.912704 4.630574 14.82988 4.174455 4.709687 10.89823 -1.743029 2.056019 -5.683321 -0.7144038 
  3.52121 -23.10007 -13.43779 2.613571 6.151765 7.435556 17.0776 18.17822 16.26647 4.830645 12.09437 13.97299 6.054365 5.170995 4.985831 7.497137 -2.308281 4.871907 -3.784569 5.057858 
  4.930405 -19.2459 -13.66578 0.15868 6.579708 -2.870379 -1.627769 14.3122 17.6784 11.86971 11.3198 18.45735 8.947557 11.85307 0.2928443 1.323726 6.141663 1.781939 -2.597083 -1.323206 
  3.577118 -20.1254 -12.99775 -0.06236219 8.79178 -3.539044 4.236016 9.592577 19.94076 -3.525184 -1.939675 11.96397 -1.310546 9.033 7.877426 10.02968 8.95119 4.922329 -0.2048946 1.960547 
  3.308197 -20.40445 -14.28144 -1.8773 12.94541 0.04890966 0.9113617 10.15798 15.69336 13.69298 11.68898 8.796155 5.010459 6.69522 4.280332 7.044446 5.681314 -5.671 -10.12815 -1.147618 
  3.461601 -19.97495 -19.66217 -0.190743 19.76666 -1.139188 4.465761 2.464007 9.166714 -5.32861 2.440939 7.848973 8.430882 6.769423 1.700024 7.588109 -0.4961646 -6.279917 -5.734801 2.074437 
  3.676125 -16.72314 -13.60553 -4.825016 17.79483 -3.160847 4.401186 4.554768 15.34575 -10.97571 4.166217 10.49679 8.187992 6.682658 -0.6003366 4.44448 0.2606235 -4.363885 -3.854318 2.254122 
  4.189789 -17.58553 -9.381857 0.5619078 17.11222 -6.153121 9.214859 8.093437 7.38473 -0.7241611 11.06521 12.93416 7.799348 11.3258 -0.2410946 4.988116 1.680471 -1.565848 -5.742812 0.9652138 
  6.037125 -19.10775 -16.87388 -8.720924 5.591126 -11.56372 -5.591318 3.923392 4.930315 5.09936 7.175402 22.43316 11.65923 7.757103 6.900335 -0.8264406 -1.707163 5.846406 -0.3098075 -1.036183 
  7.30809 -20.55622 -20.06483 -5.157185 9.346397 -6.80475 1.101751 6.487875 11.6818 18.96169 15.97629 14.5675 6.331858 1.348317 0.02345133 -1.598957 -0.8879135 0.9549133 -1.351815 0.07134603 
  9.540611 -23.22762 -23.3781 -4.408105 10.10285 -2.825996 8.633065 -6.307887 5.382869 7.868841 14.48685 10.10557 12.68334 10.40111 3.679424 5.532178 1.248446 4.356946 1.952802 4.169612 
  9.326111 -23.61232 -24.45053 -7.658255 6.452271 -5.272681 6.501104 3.713158 18.27361 10.18251 13.57253 19.97996 7.116887 10.44677 3.874531 -0.6923726 4.873139 6.203918 3.492603 3.302971 
  9.993729 -17.58635 -18.13242 -15.83928 4.016118 6.787091 10.09488 1.439353 0.9900904 4.18127 21.70395 28.14674 16.32214 8.491683 -6.448318 1.309668 5.957557 0.6186492 -0.9743189 1.994893 
  10.17464 -17.71857 -23.05779 -17.34604 -2.414551 9.748528 10.54832 12.92305 3.037184 -2.243315 5.882314 29.43749 18.91605 5.412414 10.42353 2.317992 -1.113794 7.969933 -0.4269812 -0.8588567 
  8.23819 -11.19024 -16.20473 -15.29072 2.115778 9.172931 12.29119 6.054024 -0.8106616 -2.570933 3.372005 21.79494 16.82267 7.771582 6.562607 12.04262 6.721023 10.66445 3.846071 4.270602 
  6.76152 9.097658 3.25929 2.386314 -4.925602 -21.47537 -20.26502 -6.704435 -0.3188415 -9.681621 -23.55827 -5.450915 -1.868967 -8.087167 5.920364 10.83822 5.913682 4.015634 1.150774 -1.984848 
  15.06024 16.63981 -2.231885 -5.266835 -21.80125 -26.8679 -37.53076 4.024852 3.547137 -21.12066 -36.4919 1.538175 -6.983656 -18.80755 -4.628139 2.113332 -6.482651 8.138019 7.016802 -1.066614 
  16.77777 17.47234 -7.242154 -3.684142 -23.6184 -26.95864 -36.19366 10.41347 2.390478 -22.0333 -32.35832 -5.890002 -7.732226 -18.13776 -12.94545 -4.936598 -9.871381 0.8851281 8.975255 5.440023 
  19.17386 14.66898 -8.997684 -5.056475 -26.5064 -25.42244 -25.09425 11.9453 -5.285933 -27.17456 -33.1646 -5.680484 -10.10427 -19.24105 -7.858429 -9.833372 -12.55627 4.054508 3.430701 3.17714 
  19.19312 16.01069 -14.61562 -8.666365 -25.18746 -22.92955 -17.71016 10.10783 -10.06337 -26.33187 -31.76632 -10.12638 -16.37129 -18.68508 -9.282429 -14.80794 -13.15548 2.093838 1.96276 1.602874 
  20.51604 14.5741 -13.41922 -4.927465 -26.50154 -20.91418 -17.28885 15.88861 -17.1316 -28.26258 -23.01721 -11.73247 -18.80632 -14.93679 -10.09291 -14.9733 -10.76956 1.835223 0.5298831 1.775895 
  19.61458 15.86959 -15.53881 -5.236205 -21.65982 -26.34033 -17.71596 11.4805 -21.43013 -33.92271 -13.88648 -18.96234 -24.49675 -15.21526 -9.884539 -19.35085 -5.774383 -2.565223 -1.954249 2.985202 
  19.06219 15.16648 -10.68636 -5.363015 -22.57147 -21.38608 -9.74231 9.866508 -21.79523 -33.27782 -11.918 -10.69407 -26.52758 -18.0417 -3.969588 -19.5654 -5.451866 -1.478489 -1.994817 3.745524 
  19.41917 11.26232 -8.811048 0.04430294 -25.24933 -19.45254 -4.913088 11.33102 -29.62132 -31.10355 -17.88428 -0.8976309 -28.16819 -26.54489 -3.392476 -10.74881 -13.01868 -0.4310322 -0.01510601 0.2354065 
  18.25374 8.231666 -4.282306 11.22721 -22.40817 -24.95031 -7.107019 12.56028 -32.1497 -35.81665 -14.13299 -9.022847 -25.30799 -14.83966 -5.709239 -12.96504 -7.086557 1.130546 -0.3240881 -2.103033 
  15.45376 5.594375 0.6523523 17.77629 -15.4048 -15.81185 -11.07696 1.18024 -27.14329 -23.94867 -26.33899 -2.572451 -23.17887 -17.73677 -5.818918 -15.70889 -3.781958 1.138699 2.964479 -1.480434 
  12.39516 2.885175 -4.588875 17.44588 -8.915701 -4.94471 -0.8260288 13.62329 -19.16386 -31.51719 -20.81391 -9.934227 -13.42276 -12.28737 -2.234899 -12.40051 -4.67071 -0.8145574 -3.194404 -0.8418824 
  11.37178 -1.021336 -0.6213956 22.79646 -20.96443 -9.74865 -6.36978 10.41069 -11.46826 -17.83585 -15.74998 -14.63824 -14.55965 -10.18772 2.299655 -12.87728 -4.761331 -3.027097 -3.300358 -2.228627 
  10.0635 -5.210596 -0.3958085 19.60142 -17.45352 -2.268076 -8.260708 7.319168 -10.70675 -28.18555 -15.95358 -16.04416 -10.96517 -20.44695 -6.822529 -9.037322 3.598516 6.509878 -0.6273974 -2.618994 
  10.16428 -13.78065 -7.066445 10.70526 -20.36432 -9.727301 -3.117479 -0.1008873 -10.24563 -13.61218 -10.88959 -11.30633 -10.56404 -8.696366 -4.373269 -9.812422 3.935334 7.802208 -3.486307 0.1494789 
  11.51836 -17.66283 -7.024539 8.834491 -10.64951 -9.97226 11.89611 14.13203 0.09920251 -12.65684 -3.214884 -2.806414 -17.87141 -10.3806 1.376665 2.397034 4.889079 3.654263 -0.3037321 0.3170915 
  12.42039 -25.26022 -11.18911 -2.830739 -10.58497 -12.7233 -6.951929 6.853728 7.251314 -8.38795 2.235983 -9.297797 -9.174796 1.000839 2.702577 0.8751414 1.256806 1.109564 0.3058462 -1.248074 
  14.15959 -25.67017 -8.69552 -3.452525 -9.293882 -1.321545 4.143583 0.8335285 5.603543 0.8586464 3.589365 -1.518679 0.1694489 7.160283 5.790643 7.506505 1.793429 2.454182 0.587549 -0.6884821 
  13.17868 -27.5773 -12.96853 -4.675175 -6.609531 0.7715688 6.475767 4.690111 9.847393 15.18801 4.350233 2.69119 3.549375 2.226136 1.181832 2.224248 -1.896352 6.223233 4.102369 1.86534 
  13.76863 -29.94485 -6.03273 0.3076458 -10.54998 2.896066 -4.69208 -2.446057 4.155029 10.14515 11.99566 4.023431 11.75091 -0.1870036 5.276728 3.692086 1.944951 5.534081 0.5078642 2.321059 
  14.76911 -35.83913 -5.497846 8.416597 -5.171961 1.996547 8.035509 -0.4111283 -0.2395275 10.12289 12.848 9.938825 0.5119486 7.460202 10.58008 -3.326777 -0.3420935 5.404611 -2.417534 4.732304 
  14.01582 -34.82941 -0.5037405 5.22319 -5.315542 4.654516 10.36017 0.4993725 1.222714 0.8152146 11.53739 6.152833 5.608639 12.41675 7.732415 0.5590844 2.2759 3.637593 0.6116003 -2.207017 
  14.39838 -33.94305 -2.024677 5.792814 -8.298882 3.082956 8.450818 -0.1888723 12.40475 -0.05289316 5.518997 1.535085 -3.458549 3.718615 1.803472 -2.463492 5.698225 5.540093 -2.578837 -1.904575 
  12.15161 -42.73183 5.109756 9.996017 -21.10613 2.120255 12.49356 14.82347 24.0003 2.126815 2.437958 11.48452 8.534369 5.627783 2.041738 2.519205 1.453405 4.113075 0.7592996 -0.3016073 
  10.13447 -43.80993 7.560455 12.11424 -14.8464 11.99787 16.46424 10.67813 20.1962 2.369657 9.19129 3.072679 -7.510346 7.216723 1.498 5.471628 8.775219 7.002534 -0.02562851 -4.312046 
  8.975761 -44.88005 14.31618 13.07199 -17.13335 10.94892 8.920163 2.819568 18.86019 9.767439 6.311997 7.498155 0.8772268 17.3613 1.717408 8.086873 5.990263 3.920063 2.958611 -1.99877 
  7.715981 -43.35936 9.720796 7.833147 -18.26921 2.466817 -1.529618 3.514452 20.80747 -1.025028 9.231742 13.23865 6.262916 8.618206 15.48195 16.09424 9.041145 8.722418 -1.042383 -1.966251 
  7.571442 -46.22863 1.80282 11.0083 -25.5796 6.140605 13.88118 15.06214 17.23374 -2.826269 8.570346 11.56466 1.558021 5.736498 4.90219 5.001553 1.40811 4.742799 -6.604179 -2.120545 
  6.988007 -33.99313 2.988462 13.87996 -16.46004 -7.32461 0.5796108 2.978161 -0.06545448 -16.878 -2.162838 5.501493 -5.394627 5.777038 2.463231 0.5299585 1.886559 10.53596 -4.931978 1.516072 
  11.18423 -3.907686 16.21988 17.33183 -39.00785 -26.07821 -13.25024 -9.148058 -8.197004 -20.06627 -7.808559 -9.201697 -22.71215 -1.966928 12.86139 4.829436 1.440544 5.690194 -0.05448798 0.707306 
  14.38773 9.808021 5.737024 14.1864 -41.96429 -40.90462 -28.56678 1.073925 -3.315323 -19.91575 -2.842023 -17.14545 -21.60332 -4.812047 -12.5842 -9.117072 3.454322 4.676276 6.078887 2.256938 
  15.71855 11.95841 1.509258 10.89447 -44.24159 -34.12166 -27.52257 4.381082 -10.336 -11.67773 -3.890112 -13.34476 -19.43851 -15.36244 -23.27068 -16.76003 3.262449 1.110768 11.44263 1.132355 
  16.78538 13.47876 -3.067634 6.377345 -38.15064 -32.70554 -15.70579 8.739887 -10.44775 -16.2444 -6.228819 -10.09548 -19.52654 -13.8832 -20.49367 -14.56802 0.2497895 -1.939625 9.340774 2.029208 
  17.27162 14.30394 -8.701036 0.09433985 -34.7962 -26.71329 -18.39853 16.85377 -17.57708 -16.9676 -15.009 -10.99833 -17.55613 -18.91289 -20.06396 -14.63521 -5.042123 -2.003911 7.315573 0.04315093 
  18.84846 13.72416 -13.01481 1.62009 -33.53086 -31.05189 -14.87247 14.12324 -25.42387 -19.26174 -14.49787 -11.83125 -23.87927 -17.8914 -14.93874 -17.93744 -5.833943 -2.194525 3.60795 -0.0960688 
  19.65079 11.11363 -10.42712 -1.048058 -32.82335 -27.35367 -13.85643 10.85193 -26.04431 -21.42872 -11.80862 -16.86713 -25.03724 -13.37896 -15.85737 -16.48545 -7.477031 -1.676732 -1.047518 -0.6754342 
  19.46722 11.39279 -10.34174 -0.5996809 -33.52381 -18.62266 -9.182089 8.618448 -27.11559 -14.29438 -17.09582 -12.22456 -22.93868 -12.50578 -9.355329 -17.70135 -7.825001 -0.5253553 -2.819591 -1.567792 
  18.73954 13.42016 -10.79056 -1.312103 -32.67837 -17.30909 -12.18747 12.34166 -28.60842 -16.68529 -9.281865 -15.96328 -25.93479 -6.551667 -9.901468 -17.57521 -7.4961 -1.812237 -3.011921 -2.305881 
  18.48315 13.954 -5.993567 -2.328043 -25.12914 -20.95684 -13.80415 18.53005 -27.47965 -13.60757 -9.044075 -8.817058 -26.02639 -3.649751 -6.339648 -18.67245 -4.243089 -1.11901 -4.249026 -1.300181 
  17.65871 15.54796 -8.519658 5.361326 -25.63933 -21.23854 -15.82219 20.16621 -27.49927 -17.95667 -2.052288 -8.680297 -17.87621 -13.62412 0.1326165 -16.23266 -8.001811 -1.461081 -1.82883 -1.411658 
  17.99857 12.06049 -6.327672 1.838367 -19.00899 -23.41008 -16.91666 8.557398 -36.80519 -19.50641 4.745384 -3.902919 -22.5577 -20.49467 -8.253448 -22.16277 -2.165426 -0.7092375 -1.60722 0.5471149 
  16.5367 11.4289 -1.349423 2.180043 -21.39997 -22.98534 -19.49465 -1.030443 -40.95619 -17.42831 3.476648 7.924184 -28.89444 -26.76221 -15.31976 -20.96785 -4.00217 1.776542 -1.009042 1.101755 
  15.98136 11.558 1.637368 6.915447 -26.9686 -23.93123 -20.65198 -0.9086733 -31.353 -31.04612 17.50756 2.185475 -33.44125 -22.5835 -12.97404 -20.00288 -1.982158 -3.674073 1.917937 0.7238939 
  14.20608 12.47855 6.176826 6.737812 -26.62652 -28.94544 -23.41708 -3.639748 -26.46404 -24.07949 5.754768 1.738847 -33.54714 -24.63327 -5.607159 -15.76982 -6.645052 -5.496009 -1.925898 -1.015841 
  13.3203 13.66757 7.795965 5.875107 -19.91303 -28.47803 -26.8698 -7.630407 -19.4394 -17.41516 4.397035 -9.360507 -19.78797 -16.98679 -9.042929 -18.70017 -4.024725 -4.34643 -2.802239 -0.18291 
  10.50542 16.44929 13.25559 6.248949 -18.60208 -27.36252 -23.07555 -3.182957 -19.7638 -23.4771 0.9327365 4.191511 -9.701476 -17.85018 -14.05892 -21.80543 -5.221134 3.004791 0.4945971 -2.882859 
  7.773636 15.45491 20.76543 3.962895 -15.87247 -16.27029 -18.49275 -12.14219 -35.30128 -14.57949 1.263423 6.367192 -10.78834 -12.62067 -13.17408 -30.87497 -7.816911 9.677914 -0.9348757 -0.9714444 
  4.990662 16.84679 24.34674 2.269303 -9.012682 -13.76209 -11.66832 -17.00471 -42.26256 -12.88403 6.095795 -1.086505 -8.180666 -15.38032 -19.47197 -16.36549 -10.27455 0.7582918 0.06196847 2.858075 
  4.790146 17.57995 21.81681 -0.968163 -7.481352 -15.40236 -10.97179 -9.118658 -42.54015 -23.297 -2.913832 1.266858 -8.654556 -17.56131 -18.27103 -13.56108 -12.381 -1.716025 -2.177144 2.480394 
  4.187027 19.25592 21.69648 -0.6556201 -8.497541 -11.80851 -11.77134 -21.57108 -34.55644 -14.97019 -4.023211 0.09251118 -4.103166 -20.05599 -23.77089 -12.53252 -10.49713 -0.327747 -0.4153937 4.454109 
  3.398849 20.31288 20.27868 -1.307956 -9.985191 -12.73321 -9.412689 -23.36771 -35.71148 -11.89457 -10.62292 0.09212208 -7.860426 -18.75104 -18.7312 -11.20316 -8.764881 -5.926075 -5.543347 3.973143 
  4.168121 20.34778 17.65544 -1.297361 -2.807682 -7.66046 -7.148249 -27.29066 -23.9646 -17.50884 -18.65125 10.09244 -8.423937 -9.628747 -16.99283 -12.26569 -8.329 -7.572638 -2.788326 3.040334 
  7.673035 19.48748 11.36769 9.469336 -3.557562 -12.30554 3.891842 -20.96125 -16.17005 -4.850241 -16.0458 3.961541 -5.680866 1.736059 -20.12405 -2.755921 -6.391253 -5.403543 -2.804936 1.578656 
  5.848785 23.24882 17.87832 5.316671 0.6894083 -6.23506 5.857933 -24.3318 -9.252958 2.08855 -7.629112 6.061521 -4.199941 7.969056 -18.4841 -0.6244657 -5.770088 -5.238625 2.90183 2.100682 
  5.796761 19.70157 20.0209 16.58516 -9.673412 -8.56278 8.310011 -18.47665 -13.61235 -8.535971 -4.416753 10.97409 -0.09658146 4.902172 -16.61418 -2.513582 -7.994911 -2.331136 -1.456804 3.470343 
  3.885712 20.26558 24.39007 5.555506 -4.539732 -9.214581 4.465628 -18.9437 -20.16158 -16.74812 1.883257 3.829694 -3.672903 6.220151 -23.23136 -0.8965404 -11.1002 -4.005468 -0.2011704 3.175494 
  3.533791 21.67764 23.80553 6.028308 -10.82079 -3.115339 0.1547308 -22.71271 -13.40264 -15.58931 -0.7964087 -2.607871 -0.7693825 11.89431 -25.18293 -5.047235 -9.97854 -0.9744405 -2.2692 2.320881 
  2.847885 22.1978 22.45177 2.701994 -12.33349 -9.063061 0.9148312 -21.10838 -18.04086 -20.4304 -10.26493 -1.230391 1.305312 7.843989 -28.23062 -8.273352 -8.681611 -4.415456 -1.782046 1.40795 
  2.537361 23.62035 22.46077 0.3807778 -18.42575 1.442632 -6.671898 -19.40687 -16.78671 -25.19235 -4.45514 -1.554637 4.708048 -4.024337 -19.90536 -5.685569 -12.92644 -4.157554 -1.160383 2.416369 
  2.925041 24.17573 18.10702 3.004109 -15.64364 -6.126951 -4.36768 -14.87661 -21.81864 -24.16978 -4.979446 -3.60908 4.403573 -0.8457289 -21.18392 -7.448582 -13.0425 -2.81582 -2.207922 1.874567 
  2.362198 23.64799 20.42373 -0.5802302 -21.42661 -10.5109 1.916151 -20.2212 -26.11941 -28.51509 -5.459558 -2.579341 -1.876993 -0.9359198 -24.18296 -5.410892 -15.36588 -5.276925 -3.229747 2.057355 
  1.736832 23.95212 22.48599 -1.938168 -24.80852 -13.59838 1.334191 -14.80566 -30.39252 -29.27303 -11.4495 -1.412661 3.361708 0.117445 -30.81298 -8.783282 -11.14073 -5.678227 -1.981338 0.2638605 
  1.610497 23.8081 22.17326 -8.311905 -17.88484 -18.38037 -8.315559 -16.96782 -25.01564 -18.8976 -21.36086 -7.562647 2.441311 -2.65319 -25.37679 -11.77061 -9.789761 -5.861835 -5.114215 -0.5093248 
  -0.406105 25.96459 23.16991 -4.598865 -20.01943 -22.69576 -11.26213 -13.12913 -19.14031 -21.53315 -13.80709 -11.99409 -3.945656 -0.7262807 -19.2781 -7.917772 -9.587471 -8.213611 -6.833015 -1.579766 
  -0.6778717 20.47946 22.69143 2.040269 -8.598822 -32.0456 4.537034 -7.703171 -14.87034 -12.92254 -11.32729 -8.517727 -4.490392 -0.3052168 -11.59562 -2.125478 -8.020451 -7.814096 -5.677726 -0.5168844 
  -0.5157394 14.54145 16.81388 5.361727 -2.609102 -36.61488 16.92116 -3.474677 -13.935 4.62278 -15.58177 -17.13694 -8.177506 1.001489 -10.57083 3.760592 -4.473141 -2.162383 -5.34254 -1.908343 
  -6.73505 13.82973 17.1121 9.501245 6.748159 -9.66596 5.354025 -8.554638 -4.302176 1.682861 -13.32574 -10.95833 -7.049896 -1.333062 -4.721979 1.141674 -2.705569 -1.074452 0.1691597 -2.14058 
  -9.716042 10.54693 16.51101 12.94849 7.448709 -7.19864 2.753061 -12.31796 -5.758194 0.4060378 -8.164381 -8.787407 -6.394656 -2.23325 -1.945173 -4.074949 -4.852036 -5.180821 3.694958 -0.157643 
  -11.34653 5.706804 14.30637 16.44543 22.26084 0.1683965 1.535761 -19.10305 -17.52858 -5.500871 -1.647637 -3.517573 1.703671 -3.574997 -9.136808 -8.469151 -5.62981 1.200479 -1.964783 2.801871 
  10.18067 4.239295 -14.68067 -22.67146 9.301764 16.52592 -3.301838 -2.101238 5.676664 23.98451 -2.42261 -1.874064 12.05748 9.824373 -2.02995 -4.424926 9.053832 -9.14558 6.30389 1.101457 
  14.36745 2.001325 -10.69866 -16.47297 16.65801 15.13403 -8.115528 -0.1758122 3.161381 21.56438 -6.154877 -9.991537 11.36497 6.996318 -8.869868 -9.927582 13.31897 -6.973369 9.978778 3.452422 
  9.542236 11.1755 8.835425 -13.65654 8.135075 -4.88195 -37.06993 -27.64594 -2.12461 6.701004 -8.500365 -10.60844 -13.92472 4.329252 -15.55975 -8.789331 4.805096 -2.653983 6.107366 1.576087 
  7.562088 21.7605 11.74864 -13.06043 -13.00283 -4.278586 -28.72064 -28.01407 -1.562235 5.033709 -0.1831726 -8.656568 -12.58126 3.938579 -22.28776 -4.127761 -6.263805 -5.86362 0.6686202 2.90161 
  8.04335 19.73306 9.075575 -14.46455 -24.68318 5.500695 -25.99217 -33.26671 -22.59982 -1.252033 9.031072 -12.81492 -8.797736 -1.01247 -20.18863 -9.748591 -6.681983 -10.5581 -2.499059 0.6628018 
  9.296951 21.02383 9.183906 -20.69629 -30.52143 16.49301 -22.14191 -29.21542 -24.83487 -12.23909 19.51132 -14.94108 -10.76915 -5.057016 -12.82622 -7.179362 -9.646471 -9.116415 -4.387635 2.063458 
  9.765511 24.1252 11.12378 -28.52911 -27.45503 8.852983 -11.05449 -33.03005 -21.90055 -10.15216 15.07786 -16.05126 -7.026776 -0.3619437 -22.99382 -0.3542097 -7.263239 -13.24666 -0.4767697 1.906798 
  9.520355 24.67559 14.78995 -32.04926 -28.06951 6.071199 -11.68728 -33.93008 -15.05808 -16.22239 7.775009 -12.27907 7.894945 -5.831367 -22.43533 -3.662922 -9.631341 -7.351495 -2.815882 -1.788499 
  8.782066 25.1815 16.73531 -28.21395 -29.63521 2.130953 -13.78186 -30.82646 -19.99064 -15.58005 3.962543 -10.05015 8.537567 -6.218647 -20.06315 -6.885482 -11.01875 -8.48315 1.621632 -4.808333 
  7.612511 26.82282 18.24731 -23.32854 -29.5652 -1.021814 -12.96268 -29.6544 -22.23836 -19.3702 14.72748 -4.676093 -5.709376 6.224107 -23.53603 -6.829832 -10.25144 -8.347447 -0.6094 -1.75932 
  7.366089 27.70356 17.12815 -23.4409 -26.95059 -10.13602 -12.90216 -27.81055 -23.69968 -16.62311 8.604039 -3.064193 -5.494256 -7.279286 -20.5272 -6.642422 -7.784771 -8.992983 -1.880235 -1.583274 
  6.745575 27.55906 19.71509 -23.02406 -29.90735 -11.54841 -9.939709 -28.46344 -23.92783 -13.7611 3.510705 1.890596 -7.112717 -10.41606 -19.24044 -6.819142 -8.042941 -8.764885 -1.694547 -0.3547467 
  6.749908 28.34069 18.52282 -22.96866 -29.56658 -9.764441 -15.55448 -24.28236 -28.52175 -3.783043 -2.025555 -0.1030679 -4.531421 -16.11559 -12.62242 -12.35681 -6.244099 -8.816643 -0.7290449 -1.739123 
  7.158546 28.56414 18.09645 -21.97458 -31.38456 -4.687494 -16.29953 -30.63751 -21.37876 -0.9964633 2.044043 -7.062347 0.9687867 -15.90106 -14.20134 -8.894582 -7.969141 -6.406104 -2.097877 -0.5067673 
  7.957619 27.37515 17.50453 -24.15804 -32.40314 -5.4646 -20.6863 -29.48141 -25.303 -5.36164 10.60925 -9.559377 -5.533866 -15.88818 -14.4013 -8.413122 -10.24359 -8.029896 -0.5993629 -1.144751 
  9.165115 28.54322 13.9808 -24.35563 -27.60283 -2.103314 -25.73773 -28.64084 -17.18091 -4.86542 19.43618 -13.58062 -7.116376 -7.558917 -16.74981 -8.271122 -6.663861 -8.272878 0.7481527 -1.858783 
  10.65121 25.25228 15.06528 -28.8871 -34.58153 4.759753 -27.11653 -36.13136 -18.7968 -0.3122292 14.2487 -9.447557 -14.57808 -8.489027 -16.90187 -8.359022 -7.250954 -9.945619 -0.004295334 -1.495361 
  13.08922 25.58483 8.039055 -38.69402 -31.4201 16.42319 -29.21886 -29.72883 -12.29558 -8.754141 20.26131 -14.68367 -15.91732 -8.532647 -15.83334 -4.166262 -6.295585 -14.76741 2.812585 -0.599815 
  14.50883 25.98396 -2.539639 -41.50241 -24.7091 26.31525 -26.24572 -22.15918 -4.730333 -17.8736 8.913638 -21.42708 -13.26443 0.4460912 -10.74624 -1.917555 -8.14109 -14.12579 -2.50152 0.5783242 
  16.57551 23.10121 -8.609041 -38.42585 -28.64459 26.09226 -26.65951 -18.92858 2.975558 -18.30275 -5.512571 -25.97075 -14.68985 -2.705101 -4.731838 -5.233767 -12.62248 -2.927562 -7.82802 -0.5898453 
  17.48564 21.76111 -10.96583 -41.30978 -25.8222 24.46573 -30.70591 -14.02149 4.659551 -17.44426 -9.414246 -33.61209 -15.8385 -5.207217 -3.980939 -4.543437 -12.51476 -3.191448 -6.167423 -1.977034 
  17.82836 21.73838 -13.68386 -38.62317 -27.06915 26.95768 -30.87405 -12.01051 6.533518 -17.42656 -11.63595 -31.16126 -21.4561 -3.101438 -1.40211 -6.569472 -12.71511 -0.6201154 -6.138501 -2.3029 
  18.01205 21.52843 -14.93289 -39.51947 -28.4107 32.65667 -31.7964 -13.74617 8.456743 -19.56385 -8.800466 -31.91438 -21.31414 -2.827457 0.8787413 -8.622942 -12.96624 2.552659 -7.397844 -1.819403 
  17.74523 22.00053 -16.16094 -37.8681 -28.49615 30.01333 -20.44543 -24.01314 8.039802 -12.67865 -13.70404 -28.02441 -21.62567 -0.8504667 -0.3820229 -9.221692 -12.34594 0.5059487 -4.672 -1.858407 
  17.03276 22.89711 -15.58829 -40.83358 -25.64702 29.55885 -16.08193 -28.59231 4.153119 -10.00927 -15.45517 -27.04066 -19.04444 -2.66065 0.2451291 -10.90141 -13.74692 1.164584 -3.352131 -2.364258 
  16.30399 23.24192 -14.19779 -37.12085 -27.97583 34.00586 -15.20427 -26.25399 3.384082 -16.35704 -6.975245 -27.54447 -14.68419 -6.501966 5.414471 -12.79062 -14.97557 3.321892 -2.769933 -0.7963796 
  16.547 21.51536 -13.08782 -40.14746 -26.38137 33.73203 -17.91798 -25.68019 -0.8743836 -19.55072 -9.697465 -27.64033 -13.75779 -10.6169 3.653001 -12.86627 -18.3214 4.96117 -2.88728 -2.434252 
  16.77421 22.79322 -10.99911 -39.83871 -26.45094 34.24685 -13.72508 -27.98094 4.983171 -14.45531 -11.36839 -27.52807 -14.07999 -5.774417 1.952621 -10.01627 -15.59435 3.474101 -2.338288 -1.653137 
  16.11964 24.80751 -12.09405 -34.4488 -27.90199 27.96543 -3.55975 -31.94102 4.713464 -7.4519 -10.27912 -28.68165 -17.19431 1.914283 0.9587483 -11.06892 -12.39721 2.045534 -1.405569 -1.693182 
  15.35815 25.11438 -8.101593 -37.85445 -27.97654 26.37826 -10.41208 -27.68772 1.48752 -2.399032 -14.11993 -32.2831 -17.22455 -1.039027 -0.2718325 -8.089322 -13.37413 0.6490766 -0.5710797 -2.858623 
  12.90356 27.96556 -4.225235 -37.80679 -29.39001 21.81523 -14.08648 -29.27169 3.198016 1.750736 -13.24794 -36.46533 -20.6267 -0.9843278 1.815735 -7.161192 -12.18243 -1.099903 -2.955908 -2.56784 
  11.73412 26.65923 -2.681491 -30.6438 -23.96058 13.50582 -15.87369 -34.10582 -0.2501125 5.568862 -19.79533 -26.37638 -23.86865 -2.362537 1.64663 -5.936805 -13.98878 -3.338964 -4.127684 -2.694571 
  10.35538 24.30928 0.09494448 -21.079 -15.31577 13.49949 -21.63727 -35.11094 -1.78217 -1.422618 -16.03885 -18.53417 -19.42315 -2.635724 2.344539 -10.86604 -12.35004 -2.853589 -6.553094 -2.508101 
  7.677711 20.73169 5.512787 -6.733405 -6.562622 4.450707 -16.55714 -27.37445 -13.74092 -2.756094 -11.99905 -15.72799 -14.27268 -1.123081 -2.371281 -15.83676 -7.540601 -2.53904 -4.78779 0.04329833 
  6.395737 6.679183 14.23333 7.301455 -4.500952 -2.016403 -32.66448 -23.31126 -6.918207 -10.25931 -19.94983 -15.15441 -9.031806 -9.121537 -16.02367 -14.53847 -5.246959 -4.800674 -5.88023 0.1510538 
  8.089035 -4.918415 18.01789 7.119576 4.080459 -2.492314 -21.10524 -9.82715 -21.59415 -22.35116 -15.37275 -4.768722 -14.80381 -4.399637 -14.24776 -13.19434 -4.904153 -4.900531 -5.126554 0.3421501 
  7.009415 -11.31174 15.89821 2.517029 26.47541 1.466204 -11.58399 -10.93075 -23.72738 -15.88024 -16.02933 -5.340514 -13.30992 -3.703106 -15.3754 -7.772702 -5.056293 -2.933249 1.563176 3.182784 
  8.271935 -15.62129 10.42582 -2.57534 21.53102 -4.287469 -7.871868 -3.66594 -14.06614 -12.64277 -15.98497 -0.8892767 -11.93391 -4.067266 -12.76922 -6.691152 -5.303802 -0.7854364 1.104371 0.6108708 
  8.469345 -11.1862 2.855523 4.748289 14.22349 -15.46016 -11.44877 0.9448256 -3.71693 -7.29316 -4.682545 2.383836 8.397755 -0.8345108 -12.70333 -0.3287528 -2.040738 -6.573253 -3.224468 2.159434 
  9.15538 -11.10927 -4.796241 5.679136 7.731617 -3.569391 -8.653028 13.13401 2.635978 11.99998 -10.4938 -10.34432 4.236971 6.061189 -8.544779 -1.994692 -5.32641 1.316448 0.4960763 3.015762 
  8.261292 -14.09726 -12.13887 1.271095 9.13204 -4.822901 2.054681 29.35726 7.348965 5.745791 -9.202525 -6.795177 12.56879 -0.47262 -15.07101 6.129249 9.668942 4.866458 1.633928 0.4342989 
  6.381699 -18.20129 -7.609803 0.7213578 3.049608 -6.05715 -11.65374 26.7521 4.302572 3.620287 -8.471305 6.614087 17.53438 7.448081 -9.549199 4.338239 3.657477 1.872994 -3.996009 0.5467192 
  5.146774 -21.27324 -2.834081 4.132549 16.94448 -1.215659 -3.668388 28.13028 -0.2773975 8.201837 0.9200046 -1.893187 0.8276024 10.58032 0.8134112 4.239852 4.85937 4.873184 -3.488274 1.747936 
  5.950401 -30.27217 -0.3156905 -0.6422491 14.93695 0.2852707 -1.514449 22.10014 -7.402199 17.52525 13.87156 9.146402 4.447687 8.342726 7.172346 13.4319 9.286425 3.189779 -0.3309502 0.8712909 
  4.778976 -36.24881 2.950711 -3.653006 16.71615 -6.56916 3.819118 28.14223 9.454453 32.45141 14.1711 14.33674 8.983871 16.85907 0.4646444 6.481253 3.505077 -1.707562 2.403562 -2.933849 
  4.345215 -30.3424 5.70778 -11.14101 21.95155 -1.076503 2.183241 19.97027 -7.539481 25.6962 -2.698198 7.619073 0.1363554 2.829744 3.64897 7.247532 6.009821 -1.628498 -1.137321 1.709917 
  4.275925 -32.83387 4.798328 -9.287455 24.30306 2.387104 5.324386 18.23034 -6.991316 17.71326 16.99855 24.54246 14.68885 10.83465 3.810794 2.282423 6.133448 -1.05757 -1.103971 -0.8165914 
  2.895195 -33.71688 5.234053 -10.15142 20.8768 1.978154 1.855221 15.5074 -17.53425 11.379 8.011802 19.43353 9.508913 9.093672 7.795906 -0.5690048 6.033919 -1.856744 1.635814 2.20254 
  2.199104 -33.97083 3.96424 -9.800465 16.41897 1.455079 10.16666 17.83873 -6.24689 24.90308 9.52683 7.54931 12.4414 10.67581 6.090047 -7.012562 9.310529 -4.037687 -3.086574 -2.320861 
  2.834175 -33.10086 3.619828 -5.896215 19.16192 -4.249905 6.550998 21.88118 -4.627605 21.00948 11.68784 17.32548 11.00998 5.036594 9.193715 0.4133973 5.234025 0.5709547 -3.248338 2.475487 
  2.487015 -33.64009 1.023836 -4.080815 4.504574 -3.162667 8.888788 22.35614 0.04978144 8.247765 12.17579 12.77246 7.181102 16.61462 12.44272 12.10394 3.426027 0.8339884 -0.3658535 1.284198 
  2.627365 -34.51482 -1.210519 1.952179 11.44866 -2.778234 19.27792 20.3842 -3.74314 6.243882 15.01296 6.764314 1.356092 16.38819 5.563704 5.704155 1.300114 -4.152052 -0.8821672 1.563418 
  -0.1085434 -31.74905 -6.693723 9.614246 23.01839 -8.368391 15.30729 27.95718 -12.52345 3.930207 9.16416 3.548146 6.261181 13.04358 6.914948 -0.9424198 9.92981 1.864775 -2.134049 1.836554 
  -4.228279 -20.03437 -2.778876 11.45103 23.82578 -7.14113 8.583788 24.73599 10.98695 9.578271 3.178613 11.25482 14.12835 1.620182 -1.357583 4.068471 6.06515 -5.736458 -2.877675 2.097848 
  -8.542591 -16.89016 0.1865594 12.07243 10.3093 0.09592056 19.6287 15.0938 6.86558 24.39896 12.22196 6.296697 9.350349 6.281417 2.838241 -0.06847572 5.31791 2.005088 3.767802 1.852907 
  -9.750141 -13.52857 -5.376768 6.573901 16.74701 16.47658 24.40672 2.306772 -3.352679 15.19214 0.8856072 10.87361 4.486993 5.920099 11.9779 -0.1337247 5.223797 2.114847 -1.45938 -0.02798267 
  -9.510052 -9.933466 -3.595121 4.357759 5.609439 6.130897 14.77304 5.22333 0.04059243 17.03456 14.37842 13.22061 6.350688 0.5842934 17.18695 2.786606 2.956631 1.469303 0.3400473 1.140933 
  -8.676941 -7.755226 -0.5581756 6.868129 4.504306 -0.3364615 11.03638 8.275257 10.25186 21.20493 21.39785 4.178018 5.857618 1.614959 7.710454 7.235709 0.2349105 4.921935 0.9678357 1.946129 
  -5.037003 -4.629986 -6.343003 -0.09194899 2.571658 -10.60253 9.010916 11.291 4.555078 14.82284 12.05941 7.392022 -14.25501 -2.292588 7.776273 11.64187 3.861954 3.788419 0.07929846 0.9369178 
  -2.359894 -4.532385 -1.907781 3.576355 4.160878 -19.882 1.919802 8.455927 5.136452 12.62926 6.058177 2.170163 -12.56764 -0.2721038 2.637372 4.93927 -1.146635 4.367071 0.7950246 2.825311 
  -6.679779 -5.239536 -10.81731 5.678763 6.55166 -0.1540976 10.32913 18.82663 17.78126 8.699142 12.07912 2.239228 -0.9882956 0.7933812 7.054223 5.388916 7.006375 4.673891 4.715829 0.8914089 
  -7.215843 -8.469055 -12.39007 9.998393 14.59737 3.361482 12.62346 11.62741 25.07013 16.11737 8.533918 14.14392 -0.4421763 -10.32529 3.748481 5.472484 7.491725 1.189565 4.293176 4.546759 
  -7.081543 -7.727556 -8.601721 8.397729 3.342598 -2.339715 0.5584412 14.18198 21.71908 13.40882 -4.021727 16.14197 7.328407 -5.581757 6.533024 8.015148 8.771746 3.818151 3.041714 3.564232 
  -8.214394 -8.149706 -4.89578 10.5286 6.604445 -2.260823 7.220868 9.365467 24.68367 23.34235 -0.3473026 6.852559 -0.1205592 -5.957187 10.98216 8.671047 6.281605 3.691143 -1.447391 2.562207 
  -8.479671 -8.860756 -2.161149 10.83277 9.387013 -0.7539515 4.91932 8.791288 22.42478 24.91088 5.866395 10.39456 10.74317 0.735013 14.44015 8.151865 3.286187 5.730458 0.2856178 1.450732 
  -7.899963 -8.760715 -4.93747 12.55063 7.485692 -1.119388 2.133021 -0.8584392 28.4698 24.32998 -0.2962285 8.426385 10.52664 -3.750048 8.727543 3.005101 3.530874 3.765965 -2.544531 -2.432438 
  -9.396072 -9.689116 -4.181934 3.53091 4.794604 6.144865 11.48871 -1.276012 12.24982 22.33109 0.3125514 8.875875 15.84039 7.684927 6.003066 2.057491 4.456524 2.254071 3.850512 2.157713 
  -9.541641 -8.528135 -4.366251 6.319206 8.69844 6.986568 16.42383 6.190586 3.622226 26.86622 6.433692 10.43275 16.53562 1.847816 5.426164 7.81692 6.881204 2.002666 0.9859007 3.942503 
  -10.14476 -11.15965 -2.01024 9.336084 12.9543 5.659425 6.579959 5.721034 8.286384 17.42041 14.04406 10.52672 8.765854 5.335797 14.10661 14.22537 4.548563 4.801943 1.419486 3.191752 
  -10.19586 -10.93994 -0.2806756 7.932154 7.742883 13.2917 14.38839 -0.7984273 9.539583 6.798884 5.562328 10.32646 10.89862 8.218783 10.69049 8.906793 4.730407 2.806185 3.272129 2.707304 
  -11.20606 -9.112726 0.06093049 6.225899 11.62431 22.61269 25.38382 -2.870848 11.98689 18.91675 7.095134 0.129739 8.019156 13.75992 8.45128 2.542233 10.36569 2.100927 -0.6353949 -1.378498 
  -10.59134 -8.496246 -3.227722 2.649881 6.392969 8.547474 19.27065 12.07054 13.95189 25.18456 6.568095 13.64744 12.09882 12.40347 6.245502 0.5047684 2.332246 2.068485 1.711745 -1.005005 
  -11.61806 -8.965065 2.456858 6.79908 4.197668 10.36276 17.50017 11.33896 9.275184 18.0507 7.327345 12.19046 11.25679 7.142598 -0.1825886 -1.138023 0.2066104 4.700818 4.556045 0.001035631 
  -10.53019 -10.1706 -1.890311 7.999656 14.1096 10.58894 15.04988 -4.712636 1.785935 19.80063 7.587263 1.53283 3.374622 8.339928 6.469953 0.2000053 1.362947 1.262368 3.946288 -0.1710666 
  -10.23559 -9.813005 0.3422265 5.853184 17.19423 12.5788 15.0806 5.145777 4.159996 19.69944 15.87274 3.865789 3.195435 5.565922 3.444288 5.726409 1.503161 2.970416 1.559681 0.5998772 
  -12.03171 -10.26364 -1.366881 7.181932 15.07268 4.125812 14.42286 3.955642 10.36807 24.91842 7.007405 11.07963 3.975635 6.66398 10.26063 2.247387 0.1325104 1.770216 1.949989 -3.252961 
  -11.11761 -8.663876 -0.5443025 4.863772 8.930172 5.053836 13.93824 5.800288 10.54482 11.55746 1.291018 8.172589 6.986734 2.703839 0.3897214 -1.032693 2.029117 3.166579 3.567834 -1.572562 
  -5.467896 -17.78711 7.254325 12.16594 11.72498 4.296206 10.37476 8.585588 -5.021312 16.59409 -13.0452 22.02559 -5.135237 10.85058 -0.5095587 5.564213 8.243346 0.1675489 2.114243 -0.8619945 
  -3.135712 -22.39674 14.01376 1.822555 16.74404 -0.06354427 3.674761 23.39244 -13.94987 11.22347 -4.147491 11.52546 -5.686316 0.5477653 0.7961955 -6.02676 2.953537 3.707407 4.751917 3.865297 
  -3.455963 -28.42574 9.488695 -13.05507 18.03206 -7.735831 20.73877 11.02387 0.9607165 23.35532 7.413588 13.95067 8.999834 9.608872 3.917468 6.645807 8.714056 1.659336 6.046607 2.90425 
  -2.792625 -24.10147 7.468966 -6.013335 24.29701 2.019258 27.98646 16.16129 6.699697 10.99687 3.944119 -0.7838089 12.51375 -0.3016796 3.677955 3.474614 4.308818 -0.7320654 -0.6329079 0.2550845 
  -1.991646 -25.10089 4.585811 -7.062215 16.23405 -1.575134 14.87648 20.60647 3.17561 16.29806 3.090612 13.50791 6.491884 7.841455 8.497513 7.240728 6.436517 -1.151858 0.5113118 3.587734 
  -0.3388748 -30.951 3.017648 -11.13536 19.47653 5.506332 8.176128 23.18061 -2.603384 17.62344 10.08812 5.730088 11.29853 6.885499 10.51358 2.819873 -0.6596115 1.359982 -4.348852 4.641844 
  0.5306473 -31.92796 6.163952 -12.81546 19.34375 3.132326 1.508071 25.93237 -1.876837 18.34251 -2.489784 9.431817 2.834172 4.949212 18.44688 -0.1922286 2.651041 0.9136232 -2.686993 2.669655 
  -0.2406693 -37.33873 5.025501 -14.64631 21.61437 2.85554 1.503021 28.13546 -3.652634 23.00192 -1.887943 14.67565 8.546749 5.55185 14.94792 1.545063 4.321524 -6.299683 0.02877287 -0.8479056 
  1.63903 -33.68851 10.36563 -16.23364 19.49646 -0.7459712 10.47331 24.41296 -5.494904 35.42179 10.20293 29.90742 5.405939 6.73955 5.576696 -4.058787 6.257614 -0.4511071 7.331191 2.050622 
  1.739601 -31.51252 15.41288 -11.38992 21.38098 -0.7855854 5.6846 27.13934 -3.391428 19.21789 2.292704 13.40558 8.46529 13.83842 7.041497 -1.204601 5.084488 1.259716 5.343922 -1.748236 
  2.386169 -32.06129 8.942205 -10.80092 14.86452 14.30265 -4.88596 30.60799 -2.723373 8.850906 22.84945 4.000715 15.65272 16.47789 9.508742 3.811889 0.03718543 0.4119061 -0.1507409 -5.763222 
  1.348907 -26.4922 5.487889 1.12956 11.6478 20.33316 -9.864719 16.02947 14.38473 4.380088 23.35176 18.25493 2.669543 8.277526 5.727714 -1.241082 0.4272234 0.4172925 -0.3877648 1.230459 
  -5.860519 -17.67402 3.56212 4.368679 16.64098 11.3686 2.971131 12.76827 8.873043 1.070116 3.581518 25.33385 1.543917 16.57455 14.02657 1.687254 11.94842 -1.764869 -1.972893 -1.596581 
  -10.95383 -15.65737 5.702835 3.948874 23.5608 18.19416 9.458426 19.30179 9.963903 23.05075 7.682825 9.524846 1.28435 -1.553698 6.814736 -0.9183748 2.070617 -0.7374424 5.678463 1.229234 
  -13.33755 -14.36242 1.711212 4.072061 20.00955 14.3224 11.92708 8.897448 -0.5821985 13.62418 8.853926 7.749331 5.962465 2.749998 5.808045 5.286319 0.4024055 -3.708425 2.142896 -0.8300575 
  -13.017 -12.67686 -3.340513 1.847658 18.73795 6.660723 16.32389 2.601882 5.851435 23.20135 13.00277 20.2912 10.37584 7.685368 16.18398 5.351533 6.154126 -1.223259 1.728861 -2.260029 
  -12.40037 -9.318785 -6.658478 3.133073 13.81336 5.575729 25.49474 12.64889 14.34153 18.00873 3.181437 14.04797 9.883554 5.388932 12.13971 3.718533 -0.5691276 -5.016996 -1.646356 -1.29981 
  -11.44763 -7.239475 -3.857982 6.717429 20.4459 13.92496 23.37825 3.725303 12.66313 16.07367 -2.12996 -1.583373 0.6391425 3.413373 3.881642 1.592399 0.5369115 0.7074525 3.368814 2.051846 
  -11.62209 -3.852745 0.09731245 4.652015 11.65928 6.867759 5.728299 -2.628134 6.369905 21.54395 12.22187 10.32981 8.308144 11.70873 7.270671 3.571866 4.231895 4.713282 2.116401 0.757694 
  -1.470749 -5.583035 -5.45827 -2.273526 10.96784 -6.45187 -8.00849 -2.152073 12.51985 -3.630976 -0.3632206 16.7861 8.217764 2.617768 0.3708353 11.13325 8.606998 3.21561 0.5634689 2.463571 
  1.631737 -4.968235 -11.29358 -3.868395 4.804547 -5.38683 -13.34535 0.3621476 8.608243 -13.18729 -7.851981 -0.565352 2.426369 -0.9610877 -4.280358 5.690617 4.042297 1.914125 -0.3892281 3.123119 
  9.05069 20.09896 -1.250533 -12.35979 -17.50885 -13.96797 -35.85928 3.099085 1.673312 -10.65227 -23.38535 -18.65397 -3.478185 -9.370767 -1.762894 -0.6903255 2.663102 4.487847 -1.658535 -0.7337843 
  13.23553 18.9665 0.008062363 -12.06631 -22.06362 -18.29235 -41.91795 26.01305 5.247416 -21.67167 -28.79838 -10.89496 -4.840374 -10.1916 -16.03861 -11.37659 -4.171913 2.515033 0.7382969 -0.611847 
  14.72728 16.77526 -5.64684 -20.11291 -15.44934 -14.20468 -35.80701 15.5075 1.604604 -19.53845 -41.21063 -10.83822 -0.5163226 -12.5172 -14.12303 -4.762296 -10.44273 -7.719261 -3.623071 -1.248635 
  16.66447 15.67965 -12.35278 -18.00794 -19.19641 0.06660271 -35.22075 9.596197 5.041125 -12.72272 -35.58979 -16.0603 -2.95287 -10.84665 -8.914059 -0.04321957 -9.45044 -4.230258 -7.361753 -2.205777 
  17.20523 16.86888 -13.61411 -20.27353 -16.67423 2.986219 -22.50792 4.269022 4.042312 -5.139641 -30.8076 -14.12494 -3.360719 -8.055537 -9.727529 1.405381 -5.829512 -5.269461 -4.710785 -2.898151 
  17.54608 16.96945 -18.49303 -17.09362 -18.93335 1.99815 -20.77083 6.741838 -3.050858 -14.37665 -31.38754 -14.08697 -5.394997 -12.79385 -11.86468 2.501403 -6.775267 -6.192667 -2.51885 -2.057155 
  17.24529 16.39392 -20.57849 -17.71263 -14.76964 2.453326 -22.29606 4.478504 -6.144767 -16.73323 -33.04304 -9.195807 -0.9446235 -20.34382 -7.170138 -1.427868 -10.10053 -4.720888 -3.070508 -1.33442 
  16.61942 17.47968 -22.69882 -15.79403 -10.98066 2.178574 -21.12115 4.754377 -8.678727 -22.4931 -33.48817 -2.921519 -1.243724 -16.59102 -11.66343 -3.148539 -12.06713 -2.081276 -2.134851 -0.1779225 
  16.63283 16.94706 -20.29687 -17.22557 -14.38216 2.628637 -16.06956 3.876625 -8.678003 -19.59471 -34.71512 -9.669687 -0.8262162 -16.06131 -11.58965 -0.9828336 -14.62942 -0.3886144 -1.837251 -1.476756 
  16.01767 18.12465 -20.03741 -17.79838 -13.05477 4.058116 -18.62416 3.819722 -7.346111 -22.08893 -31.25313 -12.64431 -0.6490374 -15.14031 -11.47383 -2.134798 -13.69687 0.4031341 -2.528906 -1.357286 
  14.53642 17.2253 -15.52085 -13.5955 -15.95886 -6.21931 -15.3881 1.632191 -1.692223 -20.8453 -38.81734 -14.87556 -5.387556 -18.80687 -1.461771 -7.388942 -16.21071 0.9638125 -2.150884 -2.185386 
  13.58602 17.62298 -11.56641 -10.09951 -12.52968 -9.1612 -20.25236 13.29214 -3.125182 -20.1391 -35.69237 -14.98701 -7.177106 -11.21802 -0.2469807 -9.427341 -13.65246 -0.1854328 -0.9879271 -1.267861 
  14.09578 16.61998 -10.68409 -3.661041 -14.99268 -14.40929 -15.56483 12.16613 -9.238994 -12.97335 -29.29402 -11.24038 -13.29413 -12.75336 2.706072 -5.28522 -14.27771 -1.054374 -0.2234941 -2.806694 
  14.18274 16.293 -7.890694 1.645034 -21.00958 -16.71615 -11.89972 5.918892 -0.1729875 -11.80495 -18.50582 -15.23333 -17.78954 -15.85845 9.844709 -4.957998 -8.411871 -2.798269 -2.107333 -3.292159 
  12.31488 17.28209 -4.494261 1.584745 -19.61505 -28.38365 -17.23844 14.43536 -2.286407 -10.59451 -14.83792 -16.89959 -27.40503 -15.12158 11.57336 -4.025763 -7.932821 -1.126369 -4.748519 -5.662338 
  11.63509 16.34845 1.957024 3.011087 -26.29371 -30.62065 -18.97214 11.12715 -8.80488 -3.519164 -8.560745 -25.33693 -22.96117 -14.23365 7.470369 -4.365688 -2.949032 -4.016805 -8.039907 -5.478696 
  10.14576 13.12137 8.176025 13.88174 -26.51211 -39.43438 -22.32377 -0.4846992 -5.597394 3.607728 -12.4231 -27.42527 -14.98009 -13.85583 8.830977 -4.688358 -5.100932 -6.329653 -10.46237 -6.80208 
  9.938271 10.61705 11.16168 17.40776 -27.81364 -29.64032 -20.72557 -13.20909 -15.56663 -2.426992 -5.364166 -17.05527 -12.65945 -9.166627 7.689668 -11.38499 -7.138911 -6.141783 -11.24973 -6.373382 
  8.043144 13.21533 13.84345 20.91701 -30.65811 -33.52989 -26.19629 -17.17733 -8.102266 1.630897 -7.796565 -25.29547 -12.00859 -4.515886 7.628316 -10.98154 -8.29207 -10.29828 -10.4487 -5.858533 
  7.388397 11.66437 20.61102 17.44334 -25.83431 -36.88379 -27.77294 -23.14082 -10.04151 0.4493046 -3.011675 -28.71576 -8.804457 -3.2738 3.966933 -4.335114 -15.31457 -11.46903 -10.5615 -4.39471 
  5.930107 14.43359 18.19617 27.67945 -33.00297 -28.605 -31.11456 -26.88386 -14.92665 3.14905 -9.315516 -19.18766 -3.289883 -6.162407 5.718582 -8.527362 -13.34099 -15.24573 -8.339895 -5.635321 
  5.061165 15.53205 22.12206 25.69343 -38.68172 -21.45863 -27.45001 -21.50627 -18.14243 -7.146581 -7.193533 -16.84285 6.576766 -11.11774 -1.226631 -4.118002 -16.0854 -13.39002 -7.539653 -3.97016 
  3.719734 15.88818 23.32336 30.04959 -34.98508 -22.39774 -34.53178 -19.39083 -9.886277 -6.192161 -8.181897 -22.93257 -1.719619 -6.644657 3.454086 -8.049732 -14.37481 -13.03347 -9.326018 -1.511573 
  3.168465 14.48939 23.47193 30.84487 -32.96303 -21.95656 -25.96005 -17.5991 -4.566772 -12.01568 -8.32197 -21.16186 2.423432 -8.919797 -2.703258 -8.075382 -9.668521 -6.085776 -11.58455 -3.748071 
  1.718018 11.35248 19.8558 30.83953 -15.56778 -13.00579 -24.04721 -8.279694 -13.16228 3.343906 5.107363 -10.36888 3.596062 -3.562578 6.812824 -6.981432 -10.9931 -3.553494 -7.869919 -2.786098 
  -4.713875 14.07342 15.69689 21.54412 -3.004692 -5.36903 -1.645979 -14.30872 -6.951138 7.733456 1.279511 -8.375827 8.727138 -2.07497 4.584964 -3.334942 -7.18797 0.2746987 -5.416184 -4.670252 
  -6.48571 11.8802 15.28348 18.82788 3.525659 -14.36281 -0.1802387 -20.33244 -16.52132 -0.8598075 -5.100076 -7.963147 -4.099946 -0.895216 -0.7361155 -6.818562 -9.023591 -3.835932 -3.032201 -3.427247 
  -7.215023 1.875685 16.20757 20.42014 17.06425 -5.230871 -15.63648 -19.7524 -20.49557 -2.514592 7.294953 7.485509 9.253075 4.377913 -0.4155788 -6.507361 -9.118141 -9.240931 -3.572098 2.64136 
  2.07457 -23.25148 9.762765 18.07491 16.73853 -5.4107 -20.52258 12.40116 -21.97848 -9.95963 28.3017 11.55356 3.194268 17.15542 -1.173319 -6.681682 -0.6275237 -8.274798 -1.692263 -1.712682 
  9.778465 -31.41972 2.235522 11.02176 9.345839 -11.63916 -10.35654 31.29106 -32.7317 -17.73549 27.49685 -1.757174 -0.5217304 11.10541 -0.7339697 -5.166609 0.9157385 4.885957 -0.7527633 2.806495 
  11.9408 -2.892866 11.96413 21.64914 -5.737722 -37.45386 -33.21897 29.74079 -27.33732 -26.75841 22.6163 1.198846 -19.8719 -16.33151 -4.541649 -12.88561 -6.384531 8.020947 0.9933028 1.283182 
  11.93724 14.14207 5.970054 8.002629 -11.91592 -37.79556 -39.62953 9.357998 -11.5117 -19.18151 11.00009 -9.314147 -13.26769 -11.74837 -0.2838306 -8.416322 -7.124665 -5.906244 -8.336015 -4.266061 
  13.16582 13.71592 -4.030184 9.889393 -17.83909 -33.83917 -34.8118 15.73631 -6.795135 -29.37692 1.128282 -12.68348 -12.93252 -14.25531 2.289894 0.5903714 -9.645841 -9.253592 -7.180683 -5.599492 
  12.72009 19.02451 -9.393432 1.886703 -13.15016 -30.65435 -40.23834 20.4524 0.7772665 -28.40487 -7.843047 -20.85629 -5.967096 -20.07441 -3.812747 5.951649 -6.278962 -11.10787 -5.681664 -6.961469 
  13.89646 19.0914 -11.93868 2.348022 -15.73416 -30.02195 -37.80787 22.84516 0.9513075 -9.98077 -15.3296 -25.44567 1.954827 -22.61266 -9.689738 12.9934 -1.375403 -11.83018 -5.504314 -7.891139 
  13.77225 19.53341 -12.32865 2.909203 -18.53426 -30.67401 -32.17524 24.28389 -1.010476 0.2291307 -13.22834 -29.37657 4.357339 -16.52074 -12.0265 14.65715 1.609851 -13.5222 -2.618401 -9.83924 
  13.27201 19.16218 -6.895139 -6.268005 -16.77023 -27.64108 -35.88398 24.6163 2.445369 7.169929 -15.58447 -27.39994 6.700026 -15.57951 -10.75914 9.440159 7.407361 -15.67403 -0.3741433 -11.78106 
  12.80228 19.84764 -5.071129 -11.16928 -20.01015 -23.71866 -31.11839 21.37086 -5.521996 11.38594 -11.31999 -31.99183 8.04183 -18.91261 -11.01966 14.00985 6.267227 -16.28696 -2.310191 -10.2816 
  12.14767 22.40865 -5.536766 -11.13369 -19.50209 -24.15646 -28.72458 13.21518 0.3600836 6.920649 -13.68231 -20.74927 -2.035341 -17.51159 -4.332159 6.914838 3.252072 -8.109418 -6.230421 -10.78243 
  12.06312 22.97911 -4.382322 -8.550634 -15.32633 -28.90596 -26.36842 18.37245 -6.00964 16.12174 -13.34584 -24.99548 5.93487 -16.07149 -9.323318 10.53562 4.68009 -8.446519 -5.606524 -11.40114 
  12.16603 20.96327 -3.001714 -1.270603 -18.16926 -32.3638 -26.54444 24.44381 -5.621336 9.452772 -5.170458 -30.36558 14.45253 -16.01719 -13.57959 12.784 4.40936 -9.175258 -5.338112 -9.872508 
  11.96209 21.46148 -7.969036 -1.093412 -8.381851 -32.58431 -31.96832 23.59672 -5.761266 9.173138 -3.879658 -30.08801 13.59607 -13.646 -15.53955 12.31481 5.178329 -13.61346 -2.83701 -8.581674 
  11.84372 19.48261 -7.595978 0.8546638 -8.314222 -29.04036 -29.61158 20.371 -15.60179 6.359074 -10.43875 -24.64223 9.676706 -10.97463 -20.65755 13.98151 2.041063 -12.82886 -2.738521 -5.973648 
  9.739517 18.79375 -1.040501 0.6043801 -11.48379 -28.80173 -36.59928 13.21114 -5.719957 6.566666 -12.07439 -44.35378 3.445638 -9.548616 -11.83598 6.658434 0.2759774 -7.904672 -6.893654 -7.642968 
  8.421967 20.22813 -4.464293 6.39469 -8.776432 -28.11536 -34.24384 11.19421 6.592705 -7.2566 -6.093882 -35.45127 -12.70487 -6.921146 -6.101799 5.623179 1.200697 -12.41073 -3.45545 -8.378007 
  7.502075 19.64026 -6.625734 6.246409 -3.554062 -27.03584 -26.1704 5.266135 6.296327 -8.666961 -6.032819 -31.22812 -13.75085 -2.216952 -12.11289 5.871912 2.421466 -10.19279 -3.18636 -7.9053 
  6.475365 16.42127 -5.908648 5.987585 4.497806 -23.98003 -28.59324 4.425556 4.728285 2.633905 -18.85831 -11.93461 -7.716256 -9.151816 -11.35309 6.714305 8.01806 -12.52402 -5.617497 -3.983338 
  3.555962 16.3733 -2.855886 9.80851 6.235427 -26.31897 -21.24603 5.478354 7.158822 7.911342 -17.04328 -4.531669 -3.456712 -8.382156 -10.1504 8.476215 9.579111 -13.56532 -6.154284 -2.862744 
  0.3771286 16.69122 -4.454989 5.16344 8.893311 -28.03509 -1.855208 4.554044 -0.4859595 2.13582 -7.641697 -0.468112 10.41878 -10.51503 -6.245099 3.145915 7.001461 -11.81895 -3.756549 -0.5337858 
  -2.984901 10.58894 -8.057345 10.11755 12.51171 -30.01314 -7.935999 13.87684 -1.342425 3.738498 -1.054672 8.502179 8.840397 -14.96379 1.028242 4.149273 8.970236 -4.739164 -6.511207 -1.541652 
  -4.911446 4.506965 -4.680217 7.512168 6.616004 -20.97746 -1.963159 14.68842 10.2388 -6.919331 -6.760981 19.19229 10.24043 -9.028557 5.366388 -1.21857 7.075038 -1.023236 -0.533181 2.92421 
  -7.435402 3.030985 -4.917154 9.456811 9.809967 -6.91495 5.192883 8.001917 12.76381 4.059089 5.249578 11.76914 11.052 1.571522 -6.374799 8.168414 7.269004 -2.322664 -1.781413 2.297508 
  -11.19953 -4.331755 -9.86225 5.36834 18.3644 -3.600133 4.539834 17.33557 19.4538 7.256672 15.07745 15.68179 1.854662 -0.624475 7.343474 16.40557 3.816633 0.7695789 -1.816453 -0.2839397 
  -12.65397 -3.583685 -1.395735 14.27333 22.38918 1.153066 0.8511314 -2.540985 -2.008812 -7.72712 -8.435865 5.930543 3.86318 0.9435954 3.798272 2.026509 1.269207 -2.137446 0.6848056 0.9354438 
  -11.96852 -0.254406 3.705611 11.20976 21.48285 -2.145455 6.839563 -7.557213 -3.965477 -0.8786702 -7.265377 -6.64252 -9.864857 -10.82997 0.05364132 3.189392 -2.673381 -0.2761045 0.5652403 -1.940794 
  -13.38779 -1.489126 5.305843 9.961528 22.02262 5.31037 8.537087 -7.082018 -2.420962 4.338902 -7.967883 -7.920187 -4.617301 -7.289027 -1.135496 3.736463 4.019854 1.448138 -1.778003 -1.493256 
  -14.33491 -4.904516 3.440639 7.216145 18.58424 5.021803 15.60889 -5.438108 -0.7839755 9.274358 0.3030504 -8.277157 -3.791367 0.4313474 3.513111 6.029512 0.1879253 0.3489763 1.335867 1.710211 
  -13.95567 -4.826895 2.35287 9.550737 21.15389 6.835608 18.51919 -4.495973 3.113351 9.31485 -2.224422 1.819104 -4.651823 -3.828636 2.817758 1.583574 4.572575 1.601376 3.611446 0.8671529 
  9.054497 -17.61623 -9.042494 -11.03536 10.54513 -30.62847 14.96012 2.711303 13.23379 -4.077273 -9.242935 16.71781 -15.08158 -1.042046 18.25739 17.00991 -3.46045 6.016893 1.901217 4.221724 
  10.73218 -14.90728 -11.67667 -8.341785 9.491131 -17.3627 13.24241 -1.859683 6.208643 -8.69019 -13.12733 -0.4815009 -16.67362 -6.623847 12.87468 15.14027 -3.52578 3.535385 1.900062 1.24722 
  3.859665 -7.402515 -5.624218 -4.626865 7.164605 -10.174 20.39538 -8.768202 -3.085008 -5.843551 8.029396 0.8291681 5.127189 3.092319 11.18068 16.47508 0.8098024 -0.8177505 2.642802 -0.2194986 
  0.5744476 -3.818506 -4.371563 2.806091 7.262879 -13.04733 15.22052 1.950661 2.971731 -17.51473 1.351378 9.240346 4.651917 -6.667347 13.71218 8.360847 -0.4666746 5.675996 4.553909 2.094415 
  -4.287521 -3.474785 -7.363641 2.640994 8.341646 -10.9072 24.96431 5.501202 -0.6939555 -18.00238 1.491598 5.764558 -4.219872 2.425815 11.17946 11.49655 5.30826 4.610516 3.831412 0.1758547 
  -7.680481 -3.919525 -3.508158 4.280579 9.059084 -2.057426 30.08452 4.219743 5.484658 -12.34346 -11.66122 3.144525 0.9347067 -2.508309 9.980437 9.482461 5.901649 4.733848 6.477231 0.3326345 ]
