07F-028A.wav  [
  54.01679 -22.92398 3.191264 -2.027883 5.920484 8.134688 10.88101 6.943532 4.418215 -5.821613 -6.728288 6.696945 3.572206 6.479308 3.004494 6.426997 2.554204 -1.022736 3.436752 0.0398685 
  55.2021 -21.37926 4.005692 -1.453078 7.215867 7.832051 11.47015 8.483877 -2.223269 -2.948288 3.748218 5.002441 3.9951 10.66911 2.582958 0.08230306 1.754197 1.401489 3.019667 0.2701522 
  55.64473 -20.44813 3.723993 3.432889 2.813349 0.3460854 9.773784 7.22155 -2.161308 2.436142 10.33008 4.146103 3.050871 9.462976 0.3072994 -1.640658 -5.665263 -1.103776 2.629236 0.7309518 
  55.4192 -22.54786 3.984355 7.528216 8.762014 3.016287 -1.647026 0.3205532 6.75443 -4.793056 0.4809402 5.228954 10.49412 2.919702 1.924873 6.153595 -4.600019 0.2256059 1.563148 1.45055 
  54.47736 -23.88037 3.298347 4.287095 8.831065 0.7825784 7.808029 8.467468 9.005265 -2.444064 3.468073 0.3590813 4.577146 1.053872 2.616374 3.483791 -2.500846 3.323487 -0.6795987 1.3386 
  54.67274 -23.75695 7.508676 6.107871 7.769551 7.699303 3.538046 16.49624 3.690516 -9.635631 2.242283 17.84578 8.534368 -2.860925 -2.541495 0.9410115 0.9832467 4.789542 0.6398267 2.545914 
  54.77176 -22.87072 3.537643 6.446723 10.09462 2.70101 3.630812 8.957695 1.437403 -5.179175 4.513986 4.145462 11.8639 1.319346 0.3349382 -1.01706 3.713642 5.604121 2.892097 1.571675 
  55.20456 -23.19707 2.246293 0.706686 3.604189 0.02697912 3.186924 5.007782 8.486995 -1.168468 -1.346499 -2.246304 0.2206695 -0.7444762 -6.310262 3.873938 3.312529 4.966315 2.626966 0.9465092 
  55.34006 -22.65483 -0.5482801 -2.476843 1.625668 4.984758 9.532215 14.15969 12.16083 1.38683 5.403251 -0.1887016 -3.981721 -1.92368 -6.157728 -0.4867483 -4.152639 1.219859 0.8147988 0.2368474 
  55.06264 -21.80615 2.578396 5.237954 8.289802 6.379442 14.05925 9.089245 1.770565 -3.648487 3.083602 -3.760426 3.555087 4.320964 6.426052 3.256721 -1.804087 -4.285407 -2.797514 -1.773389 
  54.10448 -26.73233 0.09855009 2.926416 8.443473 7.465632 15.13571 12.90815 10.9547 5.107186 0.8627583 3.333218 0.2545454 2.722867 -3.676128 -0.298788 -4.162657 -2.022239 2.907844 -1.20877 
  54.81752 -22.79464 4.124737 5.153145 8.645799 1.099369 1.206127 3.131741 16.98839 11.83855 1.378958 -0.2450523 -6.461906 1.683099 -2.699734 -1.479045 -1.992888 -3.294651 1.72116 -0.03400588 
  55.17869 -20.62724 8.386718 3.110812 3.855554 -2.042895 1.2818 8.144979 12.87732 3.729899 3.692257 4.282516 -1.332237 4.340005 4.759561 -8.74763 -5.76702 0.5966789 2.618144 0.5060886 
  55.32331 -21.80408 7.464147 2.249577 5.091778 9.040956 6.104435 4.596665 4.422902 6.465191 6.684469 3.99757 -1.360625 -0.6348797 -0.603486 -4.908736 -6.257721 1.556236 3.932214 -0.1105042 
  54.7247 -23.7127 3.013287 4.808934 18.73285 5.921321 9.273489 14.78848 5.168825 8.910373 7.768985 2.805611 10.97606 6.233845 1.344846 -1.702706 -0.9523025 0.2587744 0.6788691 1.681725 
  54.82945 -23.02163 1.201873 4.286714 10.0561 5.085355 9.500312 3.813527 2.505496 14.6726 17.28234 7.161667 1.13838 2.958004 3.857929 5.68017 -0.8212215 -0.1168577 0.9535103 0.7863885 
  55.49437 -20.5619 3.139186 0.5879754 0.4871306 0.4222035 4.189981 1.182899 7.196167 4.962356 1.02792 3.180096 -2.24133 -1.231435 -0.2648952 4.581938 5.5854 4.281236 3.985622 3.121275 
  55.29374 -21.47939 2.140433 -1.088939 11.44027 2.550957 5.088348 8.65944 6.7843 -3.456684 -7.87203 1.778355 6.975328 5.565423 1.824313 1.73967 5.73454 2.530129 2.254978 2.406041 
  54.33009 -21.67563 3.407964 4.57782 3.92056 4.891909 -1.993794 6.149691 5.95053 -3.006756 -2.476682 -2.502045 5.862752 10.91274 1.151196 5.224032 6.969595 4.127896 -0.04878648 -0.6764114 
  54.88091 -22.27708 1.798252 2.158831 -0.6221415 -1.710066 4.813825 1.476214 6.077112 -0.5550404 2.191185 1.384918 4.646995 3.516764 -1.565293 0.6180161 6.786639 1.70099 -1.315539 -0.8926381 
  55.62956 -20.94274 2.325465 4.313245 6.932001 10.56538 8.106417 7.608528 8.779631 0.8300069 -7.17635 -5.399654 3.129326 -1.752575 -2.519367 3.853312 7.730688 2.923794 2.303101 2.485377 
  54.4947 -22.90203 4.756087 -0.04431826 5.391065 8.504303 11.79814 7.064397 7.725936 7.521301 2.6686 -3.424416 1.198774 0.09408155 5.311409 5.530609 5.440802 4.244068 1.627664 -0.3942698 
  55.2481 -22.79015 0.2112514 3.050071 11.94066 10.47074 3.818982 10.61119 11.84917 -0.05349249 5.649077 8.533035 9.746939 7.254076 4.61012 3.327046 1.956982 2.040387 -0.8238977 2.213626 
  55.13571 -24.00402 0.1845283 5.375167 11.73286 9.92755 -1.765468 4.492812 6.767697 0.5331619 3.995939 9.456814 11.515 2.110422 8.88547 2.070208 -2.496915 -1.885459 -4.08569 1.101284 
  54.49758 -24.35659 3.00568 3.9979 1.374744 7.4334 6.766057 1.217599 1.207111 5.794967 13.03324 3.890785 -1.414523 -0.3236987 4.461656 9.100614 6.712996 11.36538 1.960698 -1.293318 
  55.44667 -20.10897 3.843422 -0.1220462 3.770494 7.58149 6.097826 8.324471 15.24319 10.52567 4.18882 1.073616 -1.991286 -3.26264 -1.42395 5.820725 -2.184036 -3.304233 -2.352096 2.107554 
  56.56314 -20.45175 4.988976 3.534467 6.734533 0.2062806 9.634338 5.874702 -0.6112531 -4.911475 -2.930084 -5.822926 -1.045629 13.99028 4.763277 -4.018612 -1.564694 -0.9602799 -0.8209495 2.528851 
  55.72519 -22.67435 0.6404778 5.79582 11.37663 7.161438 10.91219 8.527039 10.81283 3.480695 -2.930412 -0.6767464 -1.425565 4.900736 -2.094887 2.520281 2.924056 -2.190326 -1.305022 -3.039571 
  55.20519 -21.13098 -4.646877 0.4973232 10.92891 4.831786 10.71286 7.571918 14.90426 7.690299 -2.358218 7.969505 0.03943118 -2.819075 -7.442313 3.91107 2.536254 1.625809 5.27342 -0.7544966 
  56.37413 -19.95866 4.179606 -2.011937 9.588377 7.591726 3.381012 10.89865 5.131879 3.208992 -8.374171 5.189861 2.401345 -5.515021 3.492476 5.489132 7.715314 2.931997 -1.962111 -0.2969436 
  56.23715 -22.03102 0.6894558 5.248816 10.73328 10.95513 12.66337 9.229638 -1.096624 -3.637586 0.4058532 2.381607 13.39159 10.37677 -2.975706 3.464513 8.942986 1.670728 1.51682 2.325819 
  56.11221 -20.7642 1.627957 2.814151 8.75462 11.70126 4.097036 -3.598765 0.3898958 3.006854 3.868348 2.409096 14.85315 9.78165 3.677729 3.074778 5.482675 4.362016 3.966489 2.892974 
  55.77971 -24.10987 -0.7484295 4.521216 8.417284 7.211304 3.537318 -2.044492 1.563991 10.02455 7.0591 11.57296 13.12709 5.607637 7.603087 1.330877 10.40572 6.831646 0.8865127 1.150685 
  57.20415 -21.45135 -0.7618496 -0.3455271 6.808823 7.943992 10.87989 8.964071 10.45069 8.296408 1.608039 7.231739 6.988422 -2.145848 -5.67141 3.754617 4.89618 2.123857 2.13429 3.451679 
  56.26995 -23.7793 -2.401831 5.51563 10.13273 9.727912 11.46363 -2.025353 11.83773 4.693921 -3.434401 -1.875 7.215543 2.995007 2.091108 0.9069423 2.393606 -0.8134096 -4.798705 -2.290186 
  56.69102 -21.19355 -1.919471 2.219064 5.500685 11.77161 19.80418 0.702913 9.515871 14.18651 -0.9486498 -5.916504 9.462089 -5.241515 -1.87122 8.660408 2.153203 0.4920013 2.54762 1.602459 
  57.20858 -20.20623 -2.341239 3.658827 6.040262 6.900338 8.148776 0.2738155 5.42008 2.409462 -3.57775 -1.498089 9.504434 -1.885796 1.778731 2.343767 1.823098 2.098482 1.260218 1.507381 
  57.9914 -20.11087 -2.210423 2.328564 1.069606 4.748158 7.732599 6.89056 9.655918 13.05519 -1.413423 -0.006500244 13.18314 2.814601 1.14724 -4.74662 -0.5677881 -0.7458777 2.05518 1.581966 
  56.86974 -22.93571 -0.3200044 7.943841 4.364194 3.414312 4.682722 -8.977473 5.804634 10.69655 -4.204534 -5.532566 3.44889 -1.791373 -3.39112 0.6330779 1.636616 1.481476 4.764904 3.075903 
  56.90819 -23.74302 -1.91829 3.492913 -0.5019385 3.318041 6.834028 -2.553258 4.682223 16.2324 2.136279 1.875721 16.73922 2.994941 -2.590281 4.381017 7.845651 8.046163 7.052246 5.374082 
  57.29225 -22.4227 -0.4528261 9.222191 0.650027 7.499985 10.46576 3.195493 17.30238 9.079806 -0.918912 1.791653 6.393803 -3.126091 0.3062183 1.510933 -3.645292 -1.640308 0.1749348 -0.4761142 
  57.25536 -22.43357 -2.409313 5.15804 4.201368 2.405742 6.70171 -2.560641 1.464656 -5.260572 -12.05703 -2.215771 4.042603 -5.53285 -4.953524 -2.647122 2.669589 1.205612 1.914187 0.02715 
  56.55481 -24.75172 -3.413766 4.339366 0.5011699 3.641787 11.60695 4.301412 -2.228565 0.1690697 -9.201988 5.906731 -1.862902 -2.871559 -2.100987 -6.472684 1.626991 2.502266 0.6983249 1.475149 
  56.13335 -24.24113 -1.952433 2.756191 2.471518 8.928341 4.023229 5.589186 10.86614 6.196168 -2.031862 4.679123 -1.128255 2.884198 -5.243888 -4.213951 0.4712529 -2.264942 -1.819307 -3.216721 
  56.53002 -24.19426 -1.43192 8.01064 4.999349 3.838417 10.76974 -3.964888 -0.06504954 9.931615 2.666786 -2.99897 2.805464 2.094753 -4.100548 -0.6786177 2.423932 -0.6239543 3.359615 -0.9912842 
  57.26455 -24.32158 -2.522702 8.793159 4.576331 6.602637 16.63472 9.344192 7.245357 9.032044 -4.867359 -14.57168 2.717282 3.729554 -0.5257834 -0.5616049 -3.472312 -1.730037 0.9109184 -0.1389887 
  57.45401 -23.58285 -5.468095 4.19019 5.596327 8.906608 9.064569 -6.85972 -3.305763 8.452756 -6.701101 -10.84373 1.641575 -0.2301791 -0.154799 3.664466 3.549755 3.176788 1.492012 2.413277 
  57.31007 -22.05527 -4.507179 7.408181 2.142599 5.200078 0.2771378 -3.541669 6.205579 3.371325 -9.450899 -11.25562 4.541513 -1.908793 -2.174539 -4.723077 -5.506463 4.926272 1.233408 2.790056 
  56.72149 -24.7223 -4.904831 4.071133 8.260814 4.58782 1.443148 0.8067979 12.88709 9.806292 -8.385112 -10.98447 2.241047 1.228272 -1.983208 1.424107 0.3300067 5.709136 6.18506 1.320242 
  57.35328 -23.91346 -3.947789 2.250546 6.482513 4.405565 5.760615 5.841806 4.709007 9.711199 -5.777314 -2.537899 1.10405 -1.096957 -1.257715 1.99034 6.152246 10.49352 7.550095 2.689373 
  55.35076 -25.14357 0.1615229 6.650394 9.254085 3.679672 13.39476 8.841426 3.413508 3.046221 -9.478652 3.919727 12.25158 -1.339389 -1.692322 2.84577 1.41308 2.578189 1.464354 3.329719 
  57.55435 -23.33529 -4.175576 5.662491 3.097325 4.716746 9.426007 6.030233 9.727848 8.424966 0.3265713 15.98171 8.084106 1.269649 9.932071 -4.118226 -4.074807 -2.440769 0.1866979 -1.122704 
  57.25062 -25.47295 -2.711664 4.203303 0.06284023 3.56198 9.101664 6.09072 11.28841 12.85066 1.246753 13.97108 16.58168 0.2723825 7.205028 -0.5051862 -6.052776 -1.281322 -0.2292128 1.557188 
  57.40568 -24.29937 1.587641 5.001122 5.261831 4.917316 0.2599682 -4.983244 6.480734 12.84688 1.067816 7.872597 12.96005 0.252515 9.540194 8.741305 -5.422539 -4.296808 -0.9429571 1.670673 
  57.33651 -24.78227 0.1413828 4.41474 4.021104 15.93899 12.65503 3.939634 9.30072 10.96723 11.4972 19.50026 17.44578 -1.829621 4.365735 -1.352649 -3.032634 4.431625 3.608419 -1.06881 
  57.7527 -22.72663 2.195607 7.97589 5.466911 11.13354 13.27795 16.66458 20.91932 11.86546 1.8405 6.991573 10.59882 -3.516852 1.029153 2.429417 -8.336808 -2.134452 1.378545 -0.8794867 
  58.15499 -20.78813 -0.29549 2.861416 3.303299 4.131713 5.675783 3.408402 10.98438 11.29712 -1.123981 10.38031 9.286837 -6.179223 4.317773 0.5909754 -5.013585 2.716262 -0.4289301 -1.20393 
  58.30289 -21.72085 0.7231059 9.299059 4.349082 9.319223 15.24771 9.983186 19.77546 19.11477 6.632215 4.048405 -0.1627018 5.743536 4.760264 11.48148 2.351547 0.1618571 -0.7249153 -3.031115 
  57.0764 -24.10594 -0.560207 6.164631 5.437459 16.75614 17.07799 9.396831 16.34786 6.376884 -5.821019 -2.816746 4.182948 8.270207 7.02561 10.2361 5.425117 2.974366 1.692244 -3.564006 
  58.6433 -23.11705 -2.482196 8.710442 7.970393 14.66425 10.21373 -5.033468 11.32934 7.409771 -7.344199 5.045517 6.104033 10.37912 9.684454 -1.415529 -2.637265 0.2171522 0.02171748 -0.2386732 
  58.58414 -20.84875 1.09031 6.392554 -4.223967 9.58445 8.014655 -2.688366 16.3789 11.56881 -10.11592 7.153038 7.494611 -3.650514 -0.03999274 -0.990876 -8.609956 1.188667 -0.6153805 -1.256158 
  57.59312 -24.7887 -2.58374 4.510417 -1.536777 2.787639 0.8761311 -8.386624 13.15639 6.539266 6.882895 16.30828 7.14227 6.538183 15.9927 5.137759 -1.65571 -1.091833 1.387253 -0.122175 
  56.87135 -22.06326 -0.4962296 6.620315 2.955769 0.5468309 15.27761 3.916016 15.08007 14.15167 0.4258975 3.654236 3.049035 -1.644609 9.796329 4.085333 -1.943556 5.678347 1.93325 -0.1608046 
  57.39799 -22.29449 0.5504263 8.640185 -1.445368 3.460576 8.690098 3.503486 11.79409 5.983826 -0.2475162 4.325043 14.2304 -4.797586 -2.170708 -3.535294 -4.531603 3.916303 5.853797 2.02289 
  58.44536 -20.75237 0.8751217 9.091294 4.441328 8.787144 6.425084 -5.819794 5.286615 6.574012 5.555704 10.30891 11.76795 3.740056 1.588526 3.147824 2.492556 2.773339 1.765291 -0.2006983 
  57.11927 -23.47046 2.2577 10.47891 5.8171 10.51077 14.24027 -0.1453859 2.848577 9.2497 -1.275108 8.937206 5.67665 -0.3190597 6.387127 8.18027 5.573334 3.048452 2.139702 -0.3631494 
  55.87814 -22.13765 3.631373 8.185404 3.447223 9.687398 3.443877 -4.682053 7.708667 8.742623 -6.977357 4.457119 1.842926 -11.01117 -4.630357 -1.353341 0.1539716 7.993245 3.552809 -2.313981 
  56.56532 -21.09773 3.096556 3.97516 3.801278 3.706697 5.731102 1.319594 15.41052 8.837867 -3.898381 5.244598 3.379098 -0.3415387 -7.514182 -5.263585 -1.193916 -2.396493 -3.295315 -2.556659 
  56.77599 -21.2375 -0.6558252 4.254051 6.167964 10.58018 4.62541 -3.383715 6.019678 12.51286 2.997257 4.327583 3.771142 -1.918446 1.613564 2.280462 -1.422209 -5.850076 0.02650752 2.253913 
  56.58478 -21.60246 5.139663 8.787202 11.03123 5.499485 5.770077 -4.161759 5.874716 3.979014 1.146962 -1.092407 -5.404283 -6.530492 -4.418137 -1.922436 -1.882991 -2.885711 2.32837 1.752104 
  56.00542 -23.86484 2.696793 2.663548 9.90359 14.9912 11.83564 4.149795 1.651789 -4.190978 -2.210176 0.32761 0.9156355 1.014985 6.36141 3.083798 -1.47366 -2.752512 0.6181456 -1.297089 
  55.03207 -21.9288 6.834298 5.598144 6.537218 10.28601 12.63765 8.059215 2.947657 -0.8989303 3.091425 3.727077 1.249157 -1.390783 0.8133056 -1.404743 -2.436084 4.517921 1.132812 -2.77458 
  55.05239 -22.79018 5.868659 7.716302 5.154457 3.40429 5.402109 6.684086 9.684499 18.47695 8.223839 9.397408 9.109555 3.696321 2.59476 -0.3619736 -0.4566646 3.854062 3.407784 2.032905 
  55.5014 -18.6666 4.350296 2.747425 6.265501 4.342508 4.923444 3.237933 5.631983 7.765985 9.986145 1.783607 6.715839 -0.1737941 -3.683748 -4.184345 -0.4209153 4.083258 2.595936 3.450531 
  56.19999 -20.61648 1.971303 -1.385518 3.460436 2.919667 6.042143 6.095876 10.45146 7.270277 19.72883 5.675938 -4.303032 -2.353549 -1.517032 -1.177643 -0.6547932 0.7637743 -2.892198 3.280099 
  55.3698 -23.20304 6.154428 10.15052 16.29051 5.430779 0.5673574 3.952517 12.09269 5.249083 2.710502 10.98961 15.67822 6.761387 -2.054007 -3.209889 -0.6798954 4.784358 4.113246 1.184643 
  56.28256 -22.11323 5.775054 2.742935 6.566809 12.89013 3.292789 7.18806 10.53994 8.499014 10.31806 18.18947 17.2974 7.251056 4.042229 -0.7691031 -1.203625 1.471874 0.1196772 -1.472215 
  56.1317 -22.76694 3.627237 5.494975 10.09559 9.887933 3.501185 2.552231 15.55996 9.09866 14.50396 6.021961 5.741647 12.21617 11.96247 6.857694 7.181136 5.342545 -0.4780214 1.037238 
  55.69132 -21.97455 3.782122 6.642503 8.384198 6.439142 13.59558 11.62841 9.354993 4.285311 8.080591 8.029472 9.201898 11.03004 7.185077 -1.92811 -0.6353387 -1.339339 0.953589 1.154083 
  56.35787 -20.16312 1.045217 4.303582 6.068346 7.112232 14.92707 9.985787 4.115206 1.266817 12.32663 2.543415 1.626678 4.226078 0.4697973 -2.207846 0.5166878 2.598263 6.327499 4.858715 
  56.2496 -22.89611 -1.424516 2.928047 5.662142 6.800253 1.720687 1.085449 11.63507 2.640857 4.473296 6.335461 9.581436 8.056182 5.879471 4.850972 0.8426455 0.00469504 -0.8502305 2.072314 
  56.85249 -24.88404 -2.434054 -2.275212 0.8692797 4.375441 1.961393 4.409279 11.19409 9.864472 10.82191 12.74585 13.00575 12.7806 3.035767 -1.886686 1.778234 4.837405 3.467083 3.265759 
  56.08174 -23.95766 -0.3321697 -1.816334 4.989821 4.342778 1.384649 2.787435 13.96008 10.52192 11.03336 12.85969 4.433366 5.794313 0.6405609 -7.297504 -0.8317165 -0.1374637 -2.942041 0.2581626 
  55.70308 -26.57166 -2.030378 1.626542 2.147254 0.885042 3.860435 5.164755 9.325842 0.3958191 3.669276 4.137714 4.115785 1.357152 3.178275 -0.8496191 0.6930382 0.597781 3.5723 1.681572 
  56.21672 -24.28979 1.87047 4.01355 6.603113 6.329004 0.1296899 1.613464 8.950402 -4.127197 8.2559 0.1730919 0.3051212 2.735406 0.7685056 1.71873 -0.2041083 1.756662 6.835154 4.418818 
  55.87827 -24.38053 -0.3212553 4.29985 4.554809 1.628186 -1.025091 -0.227953 10.8149 7.889966 2.15248 -5.423767 4.991105 3.648432 1.118125 0.5981286 0.7582007 4.556145 4.113796 3.754181 
  57.15236 -23.17181 2.730514 4.89255 7.102409 8.623188 13.25746 8.33116 10.95202 3.481414 -4.990391 -5.924812 5.562449 8.703547 -5.500724 -5.658046 -7.097057 -6.24706 -0.3656129 -3.361669 
  55.98643 -19.29989 4.599549 2.566011 5.438447 6.040656 9.367902 9.368233 3.403059 -5.613176 -2.268925 -0.3076172 1.817371 3.892847 -4.711137 1.335644 -3.696035 -0.8471384 1.52843 0.7132125 
  56.87444 -21.09149 0.9916031 4.409664 9.849992 7.639422 5.208311 7.180335 5.091618 9.393944 6.295066 -4.313187 -2.850586 -6.781993 -8.046746 -2.928545 -5.193391 -0.8804125 1.685237 2.943793 
  56.84905 -22.32897 3.302909 9.746853 8.369391 10.7336 4.120656 -4.050324 7.869189 4.494033 4.668105 -2.878086 0.3122523 -0.7979191 -0.9312344 -4.091853 0.9735034 -0.3884825 -1.542827 -0.3270057 
  57.527 -20.38804 3.532436 2.730161 -1.129757 5.178407 1.28819 -0.4985024 3.166501 4.561503 -3.336764 -2.4478 5.118616 1.866766 -5.219999 -7.799397 -1.696176 1.415095 1.527828 2.695344 
  56.96452 -21.49478 4.036597 3.914653 2.966039 -5.709928 -2.917425 -0.2352284 -2.362445 5.023645 2.307846 3.33704 6.628905 1.950247 9.707649 4.897007 1.162875 0.1669174 -0.7819998 1.514464 
  57.47004 -20.21358 3.678838 4.882374 4.297156 -4.689349 -2.20947 -2.271345 1.05766 3.612114 1.383141 11.94545 3.066891 -4.093187 -5.717718 -1.484284 -3.042577 -3.595061 1.107327 -0.6586363 
  56.51817 -20.71221 1.689831 1.707607 -5.748753 -8.537537 0.9219856 -1.734432 2.495152 1.516356 12.54337 11.3135 5.595259 -1.177232 -7.346733 1.671053 6.074481 5.421604 1.465254 -1.199644 
  57.54918 -19.80141 0.2338542 1.45596 1.339178 -0.9450164 3.421063 -6.338837 6.050368 13.04039 12.484 7.296055 3.672349 0.1769566 2.076382 3.522293 -2.523771 4.32052 -0.3277423 -1.136252 
  56.51204 -22.85543 -0.2165483 5.110977 2.973585 3.391863 10.5635 2.20062 11.39127 12.72006 1.065696 0.4518814 -2.365667 -8.067036 4.313147 -0.09868985 -5.868082 -1.765759 1.784769 1.488696 
  56.67744 -21.73668 1.351446 3.771459 1.221418 -5.228391 -4.920418 0.8117459 15.4258 14.23271 -0.8502079 -4.198414 2.80755 5.400885 1.829692 4.719181 5.948099 1.69601 1.33769 0.9768142 
  57.18876 -20.08267 1.247126 0.6712951 3.080694 -1.991679 5.408629 11.52396 7.610214 11.10769 -0.4522341 5.584122 3.221112 3.591771 1.710622 3.324805 6.392932 2.689499 2.332175 0.4153341 
  57.02948 -19.65244 1.05343 1.26077 6.326137 11.74227 13.54218 4.018595 11.64189 10.23701 6.381015 3.004967 3.11241 3.844462 9.046633 4.608966 2.875396 0.6620427 -0.7666401 0.02093017 
  56.54359 -20.67809 1.682251 4.037617 11.27184 6.909464 6.229255 9.715658 11.85231 6.33552 10.62419 2.446392 -3.307027 -6.075478 12.01421 5.474229 2.556948 2.533612 0.739176 0.442176 
  56.41826 -21.80864 -2.239968 -1.684626 0.3287584 1.03774 -8.002107 8.777766 20.74349 16.33702 13.70817 12.6287 6.970634 1.945685 0.1228804 -1.175504 -5.167045 0.2826911 -3.049352 -1.2141 
  56.24999 -26.20265 -3.352767 -5.425141 1.372223 10.99852 3.738953 8.075763 9.98485 13.8198 1.260426 4.275753 4.389695 0.9774762 7.882228 6.206486 0.2878148 -1.188575 -0.9078724 -1.036819 
  56.01892 -23.41736 -0.682818 4.10833 5.090765 7.189684 9.159988 4.749866 -0.4773965 -2.821627 -3.630117 3.525181 2.092914 5.743757 5.946953 2.846249 3.354869 -1.856697 -1.375249 -0.09198678 
  56.27948 -24.18843 -0.7846557 -2.348565 4.096449 5.445817 8.017101 5.091065 3.647505 6.095577 7.076412 14.84304 5.795578 -3.765719 1.619639 6.975848 3.449269 2.335563 -0.2514148 -0.2500333 
  56.27067 -22.51373 1.168829 1.69191 4.846315 4.459277 0.6676629 -2.554473 1.579746 1.22925 8.852005 7.194912 15.23922 3.28708 8.446768 9.352347 3.566045 -0.3271468 -6.961049 -0.2034683 
  57.41336 -19.28979 2.373443 -1.258123 0.06025226 2.798412 3.432761 -0.06929485 13.3475 -4.580462 4.926641 4.388809 4.796228 3.890743 4.968313 -0.5458488 -5.869441 2.142081 -0.7208333 -0.01412076 
  57.12426 -20.16344 4.121665 1.770768 10.91769 4.939581 -3.536053 -9.540307 -4.028099 -4.744391 3.591026 7.21701 3.636614 3.439376 9.582079 0.1850218 -6.341743 -0.3158341 -1.130861 2.631409 
  56.88564 -23.12155 5.151042 4.834062 3.878851 3.911738 3.028068 -9.454291 10.33622 19.06253 8.314367 -1.613503 4.563337 0.06739315 4.190345 3.11431 -0.7797535 -2.062552 -4.354662 0.6974505 
  57.3232 -21.56898 0.5746514 -3.248474 -4.0639 2.935823 14.01315 3.174095 14.78891 8.821641 1.478091 4.670872 5.48938 -0.5089748 -3.24324 -3.834309 0.8075513 -1.453506 1.559002 0.731548 
  55.53218 -24.57087 -1.629169 -1.68958 4.122788 3.45321 -0.7593276 6.64049 8.651001 -1.671121 -4.271651 8.443439 13.75424 1.463774 5.139155 -2.028974 -3.612675 -3.08251 0.6348313 -1.533502 
  56.67525 -25.57637 -1.624712 3.157347 4.391154 4.194962 4.290837 2.019395 6.973704 2.681531 1.474883 12.90601 10.2805 6.474889 9.288374 4.310416 0.1541492 1.654209 -0.4226196 0.01654283 
  56.1637 -24.17589 1.845611 0.02603988 4.320374 6.704103 7.670295 1.731227 4.270052 -4.745912 8.860168 7.226212 6.216533 4.739075 2.754868 0.3988714 1.085457 -1.687049 -2.609127 -1.218974 
  57.46616 -21.90346 2.17791 -1.87817 -5.897983 -4.084116 -0.04836364 2.614468 -4.035386 5.256559 12.96881 -3.273994 0.6695364 8.648517 2.682941 -0.79543 -4.58681 -2.919465 2.454925 0.5914266 
  60.21131 -14.7213 7.857738 -2.212602 -14.79352 -11.20084 -11.2782 -11.15457 -1.002078 1.664266 11.8285 8.191544 -3.293048 2.298287 1.657706 -8.756077 -2.666926 -1.430466 3.147628 1.129921 
  58.35126 -21.6286 3.05578 -1.853478 -0.4542261 -2.892908 -8.345922 -6.051062 2.436222 -2.549778 1.416121 4.449554 11.96588 -3.621875 4.8028 -4.983528 -4.942401 2.485297 1.720087 0.2296808 
  55.55125 -23.50669 1.10611 6.868947 10.1403 2.356744 -11.55898 -4.037495 6.400313 1.59851 1.953567 4.887772 8.252204 3.102741 2.98575 6.894315 2.754332 -0.4697666 -1.018454 -2.38949 
  55.69305 -23.86636 0.04416967 3.617142 7.811962 6.695286 2.052577 12.18365 5.54421 3.330755 1.541807 1.457485 13.75551 8.209701 6.469629 5.376686 5.41339 0.5920738 1.303579 -0.06462963 
  57.0866 -21.01297 0.2392801 1.370534 -0.1462311 0.7481396 1.123174 2.160171 9.629263 4.729874 -1.116011 4.956345 1.356566 5.664276 5.580492 0.01587829 0.4407528 -0.2705525 -1.402151 1.007372 
  56.76689 -23.83798 -3.283395 -3.372867 2.275366 9.16164 0.4468724 1.567413 2.982573 4.880717 10.7409 10.7053 1.970096 -0.264614 -1.26632 -4.00101 0.2528205 -0.07640222 -2.606233 -2.971956 
  57.44312 -21.13499 1.235258 0.9464633 2.163564 -3.0088 8.751236 1.22034 -0.5247129 -1.874747 1.926357 15.99527 12.90989 0.4378902 -4.506957 -5.651941 -2.979479 -5.673023 -6.481509 -1.119666 
  57.89573 -19.0353 1.453925 -1.803923 -0.111871 -0.4514084 3.816683 7.350881 8.267794 -1.084566 2.496624 8.682346 9.092356 0.9875698 4.623577 1.137276 -2.037879 -1.323637 -0.5916539 -0.2646892 
  58.80833 -13.91187 5.945506 -10.07281 -10.06166 -4.194086 -6.944993 -15.09621 -1.318456 0.2845532 -3.796526 9.626152 15.1935 -0.7504817 8.991795 5.989889 -0.3435481 -1.49048 -1.374471 1.157619 
  57.17691 -19.05025 9.234097 1.531695 1.461447 -4.40039 -10.58981 0.3456846 9.143772 6.343009 5.370747 2.669975 19.36182 7.592871 7.51264 -1.518336 -0.3916209 0.9334622 -2.758194 0.1383566 
  59.73499 -12.68574 11.4276 1.989139 -2.269196 -2.28018 -7.500403 -0.4882738 -2.105354 -8.755669 -2.431446 -4.137314 0.08783017 1.579177 4.946923 5.11559 -0.9331356 -2.089482 2.349429 1.916463 
  63.46748 -1.148491 24.2018 2.5845 -14.15478 -18.85272 -14.87445 -5.647262 -8.445467 -16.30653 -14.7113 -15.36374 -9.028164 -4.766843 -7.560921 -5.03848 0.9831179 2.989343 4.805911 2.720037 
  69.97124 12.37586 22.50764 -13.86358 -27.94302 -21.76534 -30.50409 -8.458729 -9.380155 -24.23861 -21.57253 -17.79097 -9.011861 -16.3868 -11.29039 -9.276904 -4.003786 3.861543 6.553685 1.88254 
  72.11936 11.77028 15.93751 -12.67527 -25.45959 -29.36188 -28.17322 -11.03304 -15.72656 -22.19414 -22.5166 -14.75515 -17.46182 -31.2831 -13.98346 -13.96591 -3.662112 -1.252158 5.90377 1.641338 
  72.66293 11.90835 14.94209 -12.54378 -28.12111 -24.90786 -25.4962 -11.27107 -12.99784 -18.22299 -22.2878 -21.66695 -12.56386 -31.03711 -18.54135 -14.79822 -6.93155 0.5934292 3.807476 3.121474 
  73.82774 11.02887 15.69013 -8.708647 -27.44169 -24.0469 -32.01593 -8.442002 -12.95983 -18.44253 -9.742743 -13.40322 -19.37804 -29.87354 -25.12726 -15.03001 -1.933262 3.59849 3.709932 1.071632 
  74.34788 12.75738 14.78481 -14.78317 -32.26969 -23.41196 -37.62261 -10.61775 -9.424836 -21.95235 -7.36091 -20.83131 -26.43319 -21.95912 -30.14771 -17.01304 -2.262375 0.6408911 1.921566 3.730919 
  74.30477 13.99546 18.92543 -16.51002 -46.03312 -22.76679 -35.33504 -7.855383 -4.261487 -27.95383 -7.433537 -12.2084 -29.6946 -28.35604 -24.05496 -21.79315 -3.326531 0.3599749 3.873724 4.205007 
  75.69418 12.92671 22.82142 -20.06865 -47.34328 -25.45852 -44.0602 -3.280364 6.386023 -19.53727 -15.89852 -18.68405 -21.73905 -25.66378 -25.76661 -23.10728 -4.840445 -1.343722 4.969564 7.483106 
  76.54092 13.16797 24.46953 -21.8874 -48.5186 -25.39394 -40.30132 -1.023021 -0.2859136 -19.29787 -5.103356 -9.683887 -24.05812 -31.71143 -30.07507 -22.70874 1.055922 -0.3376674 6.988398 2.803108 
  77.74045 13.03493 22.30224 -24.13985 -54.84288 -16.44963 -41.86581 -10.6757 -3.343588 -14.5913 0.7342498 -15.69242 -22.6977 -32.67301 -35.91642 -22.43263 2.072052 2.013937 5.716896 3.079517 
  78.2065 13.20433 21.25703 -28.44518 -53.94966 -19.73695 -44.31575 -3.448954 -15.34199 -11.76447 0.1922355 -15.64564 -23.78283 -35.78809 -38.80931 -22.89395 2.146188 3.052524 4.915541 0.3881363 
  79.63783 12.73756 20.15252 -32.75851 -56.51798 -11.34517 -42.21304 -5.120162 -9.980048 -17.70262 -3.533433 -6.187798 -26.67461 -36.01659 -39.06802 -20.24319 1.413632 1.021996 5.674352 1.293664 
  80.52388 11.76624 20.40809 -41.71355 -57.21923 -9.870283 -35.45451 -7.878745 -16.26629 -24.40736 -2.043075 -8.864788 -26.19899 -39.29853 -38.04372 -18.66539 -0.8716646 -0.0009789076 3.225854 0.4377993 
  82.3286 9.688885 17.06205 -43.47181 -59.34954 -0.7888058 -39.52973 -5.438006 -16.15985 -31.58915 -7.254385 -2.629063 -31.76687 -31.79782 -40.78896 -21.73325 2.574391 -2.735214 2.975722 -0.7133214 
  82.32292 9.717643 18.55834 -49.314 -57.32109 4.789848 -33.32364 -9.816991 -16.36915 -33.37862 -8.724471 -3.172783 -22.40472 -38.17148 -35.00216 -20.93157 -0.7370809 -1.114117 2.59524 -2.614902 
  83.18752 9.186303 16.74606 -46.62606 -53.43524 7.751575 -28.0516 -8.317146 -12.47782 -35.98014 -3.293535 -5.287331 -20.00562 -29.2853 -35.29757 -19.97061 1.601092 -0.7318336 1.625296 -0.6138918 
  84.29314 9.537721 11.73009 -42.99994 -51.09473 12.36686 -28.36358 -5.234471 -11.71579 -34.92886 7.242753 -10.66731 -19.41762 -28.25129 -30.43407 -19.70927 3.478949 -0.1018709 1.369132 0.7595412 
  84.97842 8.277534 10.23803 -43.20627 -50.69289 14.77884 -32.0241 -5.113121 -9.057782 -32.59019 2.28134 -11.00915 -19.12276 -27.29394 -29.4624 -19.50548 2.23039 -0.08262528 1.329821 0.7775726 
  84.85555 7.606146 8.59576 -46.23123 -49.03416 14.85754 -37.22648 -11.71758 -2.55963 -38.87287 -0.7837259 -10.96701 -23.22757 -30.57375 -29.1968 -16.2821 -3.648054 -1.961387 2.539227 0.6546367 
  85.59099 5.502934 9.967694 -49.25266 -41.64139 8.276121 -31.06147 -12.43081 -10.24425 -30.87371 -2.93421 -10.52324 -28.22882 -25.80296 -27.90748 -16.08376 -3.959899 -3.896324 3.559482 0.1081631 
  84.82964 7.419511 7.958852 -45.91155 -48.76577 19.84195 -37.19957 -12.10296 -5.80435 -38.33924 7.451609 -18.50031 -28.40215 -22.76298 -25.67425 -19.09934 -2.589614 -3.749907 2.501505 2.111139 
  85.07162 6.625239 8.611398 -47.18092 -48.00804 22.55009 -37.31361 -13.67664 -10.11282 -30.81759 3.09944 -21.21922 -25.18496 -23.71181 -26.57738 -16.61923 -5.179131 -2.725017 1.735782 1.598145 
  85.60307 4.646565 9.310079 -48.33275 -46.81473 20.64874 -34.97839 -16.19405 -13.06754 -31.88789 7.047977 -27.31959 -24.3751 -26.89904 -22.46637 -17.3112 -8.629848 -1.337198 0.7891799 1.882071 
  85.86295 4.377041 9.837077 -46.50097 -48.75774 22.53265 -33.90169 -17.93736 -14.94861 -28.62392 5.744232 -24.86446 -28.86351 -25.87159 -18.94848 -18.30097 -9.66634 -0.2876971 1.458511 1.902821 
  86.63335 4.604461 9.437181 -44.92913 -48.55292 21.12354 -32.62473 -24.47486 -6.989013 -28.59048 3.863621 -20.15378 -34.22744 -20.99645 -17.44489 -21.98771 -4.030347 -0.6217315 2.968176 2.468764 
  86.9706 6.880079 7.034635 -46.77505 -44.55666 18.5989 -36.70477 -26.59402 -3.149852 -25.72786 -0.5177978 -20.05998 -30.01063 -22.24314 -17.89361 -16.98693 -6.442565 0.6278973 6.002915 0.7915154 
  88.75713 3.306842 6.454159 -42.59475 -49.61571 20.93399 -44.71857 -27.01088 -1.254131 -22.34932 -0.7132531 -27.77982 -25.00447 -19.31779 -20.54299 -14.34799 -6.390164 -0.8877048 7.609384 3.416873 
  88.6651 2.602273 5.447123 -45.16648 -43.43481 9.408981 -49.17227 -25.02952 4.949701 -27.54242 -5.491387 -22.50966 -29.40913 -18.61596 -14.96008 -15.8343 -11.50513 4.067945 6.305214 5.174297 
  88.32104 2.568575 4.531869 -44.35016 -38.46922 2.956864 -46.77065 -22.50681 6.407193 -24.5104 -9.048787 -14.52585 -29.85244 -14.84712 -12.7837 -18.81877 -4.526904 3.737503 7.862537 4.568746 
  86.89091 5.311413 3.416748 -44.08368 -40.32642 0.6543757 -42.46603 -17.32143 6.218841 -24.81783 -3.844211 -13.30092 -23.56049 -14.68184 -15.74928 -11.62013 -5.149865 4.488992 10.58465 3.265961 
  86.25893 4.409212 3.77154 -47.23097 -48.6506 2.634613 -39.82039 -18.04327 3.854013 -27.04712 -0.6221238 -12.16294 -23.9411 -17.1773 -15.9236 -11.73603 -4.192908 6.57077 4.354949 7.260147 
  84.91669 4.65653 2.529934 -51.83798 -52.28159 2.070539 -34.6433 -26.07021 2.748008 -25.10259 -0.6809645 -17.73772 -20.98185 -19.5791 -15.33691 -14.16085 -2.433248 4.33453 5.57026 6.77759 
  84.67265 4.140698 2.736667 -53.68843 -46.25456 10.91966 -41.15174 -24.88756 15.96695 -20.61936 0.1234407 -15.70216 -19.80605 -11.83797 -16.42115 -14.26776 -0.4647315 3.180118 9.769073 5.260427 
  85.06919 2.35137 -1.509169 -50.47186 -39.77668 20.94065 -39.91456 -20.04945 20.7723 -10.37279 2.512167 -16.53458 -24.55813 -7.532056 -8.491408 -11.87347 -6.895694 1.645074 6.842725 5.534874 
  83.80548 0.06242052 -1.457955 -47.33689 -32.23422 30.01843 -33.33149 -14.82157 16.78512 -1.244696 7.721754 -19.29641 -13.87582 -5.375982 2.327438 -3.567368 -9.59012 2.131603 -0.1926316 3.127656 
  81.7397 -0.5404184 -2.414465 -37.1211 -31.98781 21.06616 -38.49103 -19.57154 20.38647 -2.695109 0.2026658 -25.12359 -19.01356 -5.712595 3.491337 -3.265094 -6.895381 7.1214 1.810325 5.560598 
  80.85407 0.1070321 0.5523027 -29.33101 -30.25772 21.40203 -34.50294 -19.78929 30.91722 -5.92231 -13.08249 -22.75566 -19.93462 0.1138499 15.20878 6.865475 5.893925 9.431575 -3.675915 -0.3652794 
  77.89474 3.533129 -4.516842 -28.73401 -26.93999 2.940486 -31.21107 -11.95433 26.86135 -8.606941 -24.52148 -24.18245 -17.9569 -1.284305 23.3725 14.90669 13.66204 5.973726 -5.341667 -2.653004 
  77.33219 -1.467126 -3.638422 -31.47602 -31.22322 -3.203279 -29.24906 1.015951 21.27691 -1.233369 -27.75406 -27.27745 -16.93001 3.183015 15.79199 19.37721 15.64752 11.86546 -6.404245 -6.440324 
  72.35382 -4.042591 -6.818345 -26.2677 -25.341 0.2405316 -34.04342 -4.856228 41.61075 18.98174 -22.15525 -6.223022 9.902181 -0.5986487 7.89598 10.69795 -0.7973217 -1.013306 -7.157813 -0.9212567 
  65.46075 -5.516655 -0.8525462 -13.10017 -12.15767 -12.00218 -21.72429 6.759476 42.89655 7.949456 -19.53782 -9.871696 6.543989 -7.44009 4.356769 9.900848 4.493813 -2.137274 -5.630306 0.1129581 
  61.5859 -6.899172 11.48608 -7.675705 -6.500939 -3.628048 1.063373 2.49437 11.69782 8.099165 -3.596298 -2.876266 -0.4688546 2.442528 13.97861 10.05086 1.118843 -0.8973893 -0.6327187 -0.8909702 
  60.83704 -10.73165 10.0804 -6.909598 -6.572193 -3.693187 7.472187 1.807665 11.64392 11.81649 -1.546149 -11.6539 -9.634643 2.738448 11.25615 10.70103 13.30434 6.036542 1.139499 -0.447295 
  59.72724 -14.54515 6.540059 2.018959 -1.55998 -0.1148715 5.724936 1.156736 4.63147 0.8676897 2.005004 -2.34795 -9.158249 9.027168 10.97623 7.374805 4.4893 1.705705 3.820832 0.8560534 
  60.39513 -14.56179 4.83635 3.381816 4.065844 0.5515054 1.609245 5.57928 -2.602884 -4.176657 -0.4886042 -3.876801 0.6947166 3.984978 6.986483 8.823536 -1.878173 0.7524953 -2.178689 -1.982768 
  58.49109 -16.5778 9.276726 7.620243 3.956396 1.176927 6.006723 14.73148 9.925012 8.069772 1.959213 -8.955769 -12.54197 -1.113431 14.50898 -0.6268806 -5.886184 -0.5669264 -5.196599 -1.130537 
  57.55219 -18.38607 4.994054 7.29259 6.32843 3.900328 10.96351 12.73541 0.5903029 -9.993649 1.079766 -2.960232 -6.551335 -5.503616 -1.798293 0.6829252 -3.655544 2.798322 -0.2493452 -4.596124 
  56.98384 -18.41875 7.417616 4.213508 0.3111585 -11.57663 3.541785 14.48631 0.344592 -0.9469504 5.605735 8.091511 -6.48576 -7.08124 -3.75386 -4.868241 -2.892506 -0.8694636 -3.450654 -2.587271 
  57.02259 -18.80707 5.222459 7.787533 3.834684 2.937349 -0.3322372 4.974981 8.581333 10.43766 4.023715 -5.761745 -3.652055 -5.818269 0.8942068 0.8488294 -0.861113 -2.788662 1.912484 1.618832 
  57.29179 -22.95445 -4.007329 -0.227835 2.441095 0.6396051 4.055391 19.09869 20.47643 6.831535 -2.966737 -10.73193 -1.714757 4.30254 1.612982 -0.9949146 0.8332863 0.02676496 -0.6431741 -0.427463 
  58.33251 -23.12882 1.16662 2.950817 2.469998 7.785619 4.076199 19.80764 21.22398 7.309929 -0.7620943 -4.987507 0.7741912 8.053339 0.4453519 1.519947 1.495443 1.186527 -2.594078 0.9158828 
  70.27649 -30.36085 -5.315387 7.31526 -9.740536 15.66976 -9.174234 14.32641 23.69095 -11.4171 7.842066 9.463451 -3.17599 16.27464 -0.8148118 1.823392 2.6347 4.489461 -0.4593888 2.103436 
  74.68307 -37.58285 0.5788459 4.674866 -6.662695 11.02117 -16.23576 11.65332 23.37316 -19.11645 10.92663 11.58852 -1.612416 15.05376 3.835527 0.8329903 3.576245 4.222008 1.361268 1.379369 
  75.52857 -46.12567 2.883374 0.2889909 -9.799565 10.47865 -18.24547 8.028458 22.29561 -12.21484 15.10801 15.52826 4.298872 17.14325 12.37911 5.328364 5.709738 7.299461 4.558077 2.652919 
  80.39718 -43.32433 -3.158223 -1.615757 -15.51171 -2.422821 -24.42681 4.672959 9.166685 -18.34149 18.95101 7.631138 2.309411 18.2922 11.16104 3.595176 8.28486 6.013197 3.808378 0.9993525 
  79.72998 -55.15268 2.348713 1.26591 -15.25955 6.409945 -23.05936 11.92101 16.09274 -28.10929 22.8955 13.94273 -4.274032 25.09028 6.416553 5.573063 9.492953 4.592381 2.775105 0.002538922 
  78.26168 -58.64314 9.100012 10.38777 -9.225435 13.77094 -19.45819 17.64387 22.33016 -26.3178 14.64021 12.98045 -12.64818 20.59725 -10.56484 -3.210171 6.604673 3.967671 -0.2018258 -0.2021829 
  80.24534 -59.74071 4.374232 9.166175 -8.541141 3.242521 -18.15425 23.38895 9.937565 -13.90127 23.94871 22.91287 1.158265 17.70827 -2.010493 4.884244 9.344736 8.769241 3.72843 1.685658 
  79.87713 -61.79438 2.204043 15.87012 -6.751626 1.723186 -16.30336 33.00304 17.95775 -17.75119 26.18895 12.53376 -1.825852 17.29835 0.8658175 5.195207 9.666783 7.671415 5.084984 2.29911 
  81.24255 -60.40305 -1.755916 18.63825 -15.30572 -1.598195 -6.458421 34.06076 33.55487 -8.431935 25.78585 11.51276 -5.722464 17.86659 -11.88635 -4.594653 4.442813 2.530149 -1.671418 -2.812482 
  81.24464 -51.60315 -2.389892 15.95669 -18.22225 -5.837829 -19.31995 24.10146 21.24069 -18.01197 24.93281 16.82672 6.844801 19.09661 -8.342792 -1.770948 -3.013523 -0.009212097 -1.579792 -1.60574 
  78.93036 -47.56435 -6.840103 15.41705 -14.65951 -4.344949 -11.83736 22.36988 19.21695 -19.28368 22.03131 5.436058 -8.713497 12.40161 -4.075712 2.734764 -1.532504 6.026324 4.586018 2.036736 
  78.14838 -34.31085 -6.986822 10.34652 -19.36846 -24.65623 -12.01524 36.54478 19.58792 -8.501061 24.85382 20.22676 0.6043129 -1.107612 -5.472325 -5.185217 -1.080027 7.004836 0.913826 3.308156 
  74.36938 -28.69934 -12.05261 6.130028 -19.72355 -20.66012 -11.17759 30.46157 25.53891 -0.3296215 27.03613 29.22725 4.545367 1.230829 -6.666085 -6.838224 1.420873 6.834478 3.413812 2.677597 
  70.7366 -23.92125 -7.929877 13.55146 -11.93524 -19.95482 -9.629276 26.03935 13.78799 -9.449174 23.39594 10.00184 -6.034796 6.105978 -0.3068376 6.716762 3.628754 6.847495 5.718617 1.264574 
  68.80138 -22.48835 -5.65149 17.23864 -8.541019 -19.74981 -21.03164 21.10829 18.34489 1.672374 18.22715 8.920727 -12.11541 -5.984823 -0.4241891 13.35886 9.973379 1.298869 6.190165 -2.973109 
  68.54739 -23.59002 -10.8021 11.82997 -14.3851 -8.574675 -10.2172 21.48282 3.050595 -20.97768 25.76689 19.49939 -8.121145 -8.637046 -6.821508 1.435639 4.845317 -0.6968981 5.448673 -2.952082 
  66.77461 -23.44432 -8.301924 8.507367 -12.67583 -13.44582 -17.01105 15.55711 16.88502 -3.032631 21.29152 19.82205 1.183355 -5.399188 -2.99463 7.685885 2.30324 -0.5503387 5.222235 -1.62312 
  65.79231 -22.7996 -11.59004 5.157243 -10.5354 -11.2311 -4.873816 16.4035 16.75169 -4.248223 12.91921 19.04314 2.223882 -13.94077 -0.3129122 -1.03677 -2.776447 11.05855 14.37831 0.2324043 
  66.38386 -19.46747 -9.687184 4.718981 -6.287435 -21.01179 -18.81152 21.70494 17.85485 -9.912295 12.64707 25.11115 3.395015 -12.05211 0.918723 3.375917 -2.789348 9.21556 8.978961 0.1834663 
  66.23471 -21.24661 -11.29952 4.228533 -4.995406 -20.15292 -19.02023 28.21374 26.54484 -14.45903 17.83587 26.71297 4.031855 -4.223885 -0.06672367 18.62965 8.342964 3.434911 5.896024 1.711544 
  66.83891 -20.67723 -7.662173 1.796636 -8.355793 -11.00952 -2.28194 26.66393 20.99204 -14.00006 2.568332 15.39273 9.745522 6.230065 0.5534931 2.404097 1.7409 5.055315 3.664363 -2.122306 
  67.82494 -26.12712 -9.556524 2.235591 -8.70473 -8.039207 -4.390675 21.35652 18.84654 -0.8632627 4.446778 21.76022 13.272 -2.603595 0.2961447 3.158857 1.687041 0.6160879 -0.3163038 1.918284 
  69.68131 -29.22425 -7.814244 3.211082 -10.1869 -11.05531 -6.68675 16.81075 21.90348 8.791146 1.531127 8.756847 6.958515 -11.93245 -7.160873 8.749847 2.916422 -1.169129 -0.6465464 2.468804 
  72.93456 -34.00347 -9.218792 -1.401295 -4.986181 -3.992022 -9.535777 20.51481 14.45412 4.894381 2.34009 1.296661 9.729944 -1.980308 -1.385744 7.057264 -4.291239 1.628137 -5.573828 -0.5495796 
  74.20146 -39.08235 -10.33944 -3.692024 -8.301784 2.263047 3.304901 21.6887 18.11099 -0.9882447 10.52176 10.63908 0.9544318 -0.9837682 -1.1096 3.656169 -4.85649 4.444025 -3.675077 5.222682 
  75.61066 -35.22818 -10.56744 -6.146915 -7.873841 -8.042889 -15.40047 17.82268 19.52292 6.050817 9.747188 15.12344 3.847624 5.698303 -5.802587 -2.517242 3.593453 1.354057 -2.487591 -1.158382 
  74.25737 -36.10769 -9.899402 -6.367957 -5.661768 -8.711554 -9.536685 13.10306 21.78528 -9.344073 -3.512289 8.630058 -6.41048 2.878237 1.781995 6.188715 6.402981 4.494447 -0.09540237 2.125371 
  73.98845 -36.38673 -11.18309 -8.182895 -1.508143 -5.1236 -12.86134 13.66846 17.53788 7.874088 10.11637 5.462242 -0.08947408 0.5404565 -1.8151 3.203478 3.133105 -6.098882 -10.01866 -0.9827937 
  74.14185 -35.95723 -16.56383 -6.496338 5.313114 -6.311698 -9.30694 5.974489 11.01123 -11.1475 0.8683249 4.51506 3.330948 0.6146595 -4.395407 3.747141 -3.044374 -6.707799 -5.625309 2.239261 
  74.35638 -32.70543 -10.50718 -11.13061 3.341281 -8.333357 -9.371515 8.06525 17.19027 -16.7946 2.593603 7.16288 3.088058 0.5278947 -6.695768 0.6035118 -2.287586 -4.791767 -3.744826 2.418946 
  74.87004 -33.56781 -6.283512 -5.743687 2.658674 -11.32563 -4.557842 11.60392 9.229247 -6.543051 9.492598 9.600243 2.699414 5.171036 -6.336526 1.147148 -0.8677388 -1.99373 -5.63332 1.130038 
  76.71738 -35.09004 -13.77554 -15.02652 -8.862422 -16.73623 -19.36402 7.433874 6.774832 -0.7195289 5.602787 19.09925 6.559294 1.60234 0.8049034 -4.667409 -4.255372 5.418524 -0.2003153 -0.8713587 
  77.98834 -36.53851 -16.96649 -11.46278 -5.107151 -11.97726 -12.67095 9.998358 13.52632 13.1428 14.40368 11.23359 1.231924 -4.806446 -6.07198 -5.439925 -3.436123 0.5270317 -1.242323 0.2361702 
  80.22086 -39.2099 -20.27975 -10.7137 -4.350702 -7.998506 -5.139636 -2.797405 7.227385 2.049951 12.91424 6.771652 7.583405 4.246342 -2.416007 1.69121 -1.299763 3.929065 2.062294 4.334436 
  80.00636 -39.59461 -21.35218 -13.96385 -8.001277 -10.44519 -7.271597 7.22364 20.11813 4.363619 11.99991 16.64605 2.016953 4.292005 -2.2209 -4.533341 2.32493 5.776036 3.602095 3.467795 
  80.67398 -33.56863 -15.03408 -22.14487 -10.43743 1.614581 -3.677822 4.949835 2.834607 -1.63762 20.13133 24.81283 11.22221 2.33692 -12.54375 -2.5313 3.409347 0.1907677 -0.8648267 2.159717 
  80.8549 -33.70085 -19.95944 -23.65163 -16.8681 4.576018 -3.224385 16.43353 4.881701 -8.062204 4.309699 26.10358 13.81612 -0.7423495 4.328101 -1.522976 -3.662003 7.542051 -0.3174889 -0.6940325 
  78.91844 -27.17253 -13.10638 -21.59632 -12.33777 4.000421 -1.481509 9.564507 1.033855 -8.389823 1.799391 18.46103 11.72274 1.616819 0.4671759 8.201656 4.172813 10.23657 3.955563 4.435426 
  77.44177 -6.884627 6.357634 -3.919281 -19.37915 -26.64788 -34.03772 -3.193953 1.525675 -15.50051 -25.13088 -8.784828 -6.9689 -14.24193 -0.175067 6.997256 3.365473 3.587752 1.260266 -1.820024 
  85.74049 0.6575257 0.866459 -11.57243 -36.2548 -32.04041 -51.30346 7.535334 5.391654 -26.93955 -38.06451 -1.795738 -12.08359 -24.96231 -10.72357 -1.727636 -9.03086 7.710137 7.126294 -0.9017899 
  87.45802 1.490053 -4.14381 -9.989737 -38.07195 -32.13115 -49.96636 13.92395 4.234995 -27.85219 -33.93093 -9.223915 -12.83216 -24.29252 -19.04088 -8.777566 -12.41959 0.4572466 9.084747 5.604847 
  89.85411 -1.313307 -5.899339 -11.36207 -40.95995 -30.59495 -38.86695 15.45578 -3.441417 -32.99345 -34.73721 -9.014397 -15.2042 -25.39581 -13.95386 -13.67434 -15.10448 3.626626 3.540193 3.341964 
  89.87337 0.02840522 -11.51728 -14.97196 -39.64101 -28.10206 -31.48286 13.61831 -8.218851 -32.15076 -33.33894 -13.46029 -21.47122 -24.83984 -15.37786 -18.64891 -15.70369 1.665957 2.072252 1.767698 
  91.19629 -1.408182 -10.32088 -11.23306 -40.95509 -26.08669 -31.06155 19.39909 -15.28708 -34.08147 -24.58982 -15.06638 -23.90625 -21.09155 -16.18834 -18.81427 -13.31777 1.407341 0.6393754 1.940719 
  90.29483 -0.1126985 -12.44047 -11.5418 -36.11337 -31.51284 -31.48866 14.99098 -19.58561 -39.7416 -15.45909 -22.29625 -29.59668 -21.37002 -15.97997 -23.19182 -8.322592 -2.993104 -1.844757 3.150026 
  89.74245 -0.8158096 -7.58802 -11.66861 -37.02502 -26.55859 -23.51501 13.37699 -19.95071 -39.09671 -13.49061 -14.02798 -31.62751 -24.19646 -10.06502 -23.40637 -8.000075 -1.906371 -1.885325 3.910348 
  90.09943 -4.719961 -5.712703 -6.261292 -39.70288 -24.62505 -18.68579 14.8415 -27.7768 -36.92244 -19.4569 -4.231544 -33.26812 -32.69965 -9.487907 -14.58978 -15.56689 -0.8589137 0.09438623 0.4002307 
  88.93399 -7.750619 -1.183961 4.92161 -36.86172 -30.12282 -20.87972 16.07076 -30.30519 -41.63554 -15.7056 -12.35676 -30.40792 -20.99442 -11.80467 -16.80601 -9.634767 0.7026649 -0.2145959 -1.938209 
  86.13401 -10.38791 3.750697 11.47069 -29.85835 -20.98436 -24.84966 4.690722 -25.29877 -29.76756 -27.91161 -5.906364 -28.2788 -23.89153 -11.91435 -19.54986 -6.330168 0.7108179 3.073971 -1.31561 
  83.07542 -13.09711 -1.49053 11.14029 -23.36925 -10.11722 -14.59873 17.13377 -17.31934 -37.33608 -22.38652 -13.26814 -18.52269 -18.44213 -8.33033 -16.24148 -7.218919 -1.242439 -3.084912 -0.6770582 
  82.05203 -17.00362 2.476949 16.49087 -35.41798 -14.92116 -20.14248 13.92117 -9.623748 -23.65474 -17.3226 -17.97215 -19.65958 -16.34248 -3.795776 -16.71825 -7.30954 -3.454979 -3.190866 -2.063803 
  80.74375 -21.19288 2.702536 13.29582 -31.90707 -7.440586 -22.03341 10.82965 -8.862235 -34.00444 -17.5262 -19.37807 -16.0651 -26.60171 -12.91796 -12.87829 1.050307 6.081996 -0.5179052 -2.45417 
  80.84453 -29.76294 -3.968101 4.399668 -34.81787 -14.89981 -16.89018 3.409595 -8.401115 -19.43107 -12.4622 -14.64024 -15.66397 -14.85113 -10.4687 -13.65339 1.387125 7.374326 -3.376815 0.3143031 
  82.19861 -33.64511 -3.926195 2.528896 -25.10306 -15.14477 -1.87659 17.64251 1.943719 -18.47573 -4.787498 -6.140327 -22.97134 -16.53536 -4.718766 -1.443934 2.34087 3.226381 -0.1942399 0.4819157 
  83.10064 -41.2425 -8.090763 -9.136333 -25.03852 -17.89581 -20.72463 10.36421 9.095831 -14.20684 0.6633689 -12.63171 -14.27473 -5.153924 -3.392854 -2.965827 -1.291403 0.6816825 0.4153385 -1.08325 
  84.83984 -41.65245 -5.597176 -9.75812 -23.74743 -6.494055 -9.629118 4.344011 7.44806 -4.960243 2.01675 -4.852592 -4.930485 1.00552 -0.3047882 3.665537 -0.7547801 2.026301 0.6970413 -0.5236579 
  83.85893 -43.55958 -9.870188 -10.98077 -21.06308 -4.400941 -7.296934 8.200593 11.69191 9.36912 2.777619 -0.6427231 -1.550559 -3.928627 -4.913599 -1.61672 -4.444561 5.795351 4.211861 2.030164 
  84.44888 -45.92713 -2.934385 -5.997949 -25.00353 -2.276444 -18.46478 1.064425 5.999546 4.326261 10.42305 0.689518 6.650979 -6.341767 -0.8187032 -0.1488819 -0.6032587 5.106199 0.6173564 2.485883 
  85.44936 -51.82142 -2.399501 2.111002 -19.62551 -3.175963 -5.737192 3.099354 1.604989 4.304002 11.27539 6.604912 -4.587985 1.305439 4.484645 -7.167745 -2.890303 4.976729 -2.308042 4.897128 
  84.69607 -50.81169 2.594604 -1.082405 -19.76909 -0.5179937 -3.412535 4.009855 3.067231 -5.003675 9.964774 2.81892 0.5087053 6.261988 1.636984 -3.281884 -0.2723094 3.209711 0.7210925 -2.042193 
  85.07863 -49.92533 1.073668 -0.5127811 -22.75243 -2.089554 -5.321883 3.32161 14.24927 -5.871783 3.946383 -1.798828 -8.558482 -2.436148 -4.29196 -6.30446 3.150016 5.112211 -2.469345 -1.739751 
  82.83186 -58.71411 8.2081 3.690423 -35.55968 -3.052255 -1.27914 18.33395 25.84482 -3.692075 0.8653432 8.150608 3.434435 -0.5269801 -4.053694 -1.321763 -1.094804 3.685193 0.8687919 -0.1367831 
  80.81472 -59.79221 10.6588 5.808643 -29.29995 6.825358 2.691537 14.18861 22.04072 -3.449233 7.618675 -0.2612343 -12.61028 1.06196 -4.597431 1.63066 6.22701 6.574652 0.08386372 -4.147222 
  79.65601 -60.86233 17.41452 6.766393 -31.5869 5.776411 -4.852538 6.33005 20.70471 3.948549 4.739383 4.164242 -4.222707 11.20654 -4.378023 4.245905 3.442054 3.492181 3.068103 -1.833946 
  78.39623 -59.34164 12.81914 1.527552 -32.72276 -2.705693 -15.30232 7.024935 22.65199 -6.843918 7.659127 9.904736 1.162982 2.463443 9.38652 12.25327 6.492936 8.294537 -0.932891 -1.801427 
  78.25169 -62.21091 4.901165 4.702708 -40.03315 0.9680955 0.1084779 18.57262 19.07826 -8.645159 6.997731 8.230751 -3.541913 -0.4182651 -1.193241 1.160584 -1.140099 4.314917 -6.494687 -1.955721 
  77.66826 -49.97541 6.086807 7.574363 -30.91359 -12.49712 -13.19309 6.488643 1.779062 -22.69689 -3.735452 2.16758 -10.49456 -0.3777256 -3.6322 -3.31101 -0.6616499 10.10808 -4.822486 1.680896 
  81.86449 -19.88997 19.31823 11.02624 -53.4614 -31.25072 -27.02294 -5.637576 -6.352488 -25.88516 -9.381174 -12.53561 -27.81208 -8.121691 6.765963 0.9884679 -1.107665 5.262312 0.05500425 0.8721302 
  85.06798 -6.174264 8.835369 7.880801 -56.41784 -46.07713 -42.33948 4.584407 -1.470807 -25.73464 -4.414637 -20.47936 -26.70325 -10.96681 -18.67963 -12.95804 0.9061127 4.248394 6.18838 2.421762 
  86.3988 -4.02387 4.607602 4.588879 -58.69514 -39.29417 -41.29527 7.891564 -8.491487 -17.49662 -5.462726 -16.67867 -24.53844 -21.5172 -29.36611 -20.601 0.7142391 0.6828863 11.55212 1.297179 
  87.46563 -2.503522 0.03071041 0.07174976 -52.60419 -37.87805 -29.47849 12.25037 -8.603233 -22.06329 -7.801433 -13.42939 -24.62647 -20.03796 -26.5891 -18.40899 -2.29842 -2.367507 9.450266 2.194032 
  87.95187 -1.678345 -5.602692 -6.211255 -49.24975 -31.8858 -32.17123 20.36425 -15.73256 -22.78649 -16.58162 -14.33224 -22.65606 -25.06765 -26.15939 -18.47618 -7.590332 -2.431792 7.425065 0.2079751 
  89.52872 -2.258122 -9.916469 -4.685505 -47.98441 -36.2244 -28.64517 17.63372 -23.57935 -25.08063 -16.07048 -15.16516 -28.9792 -24.04616 -21.03417 -21.77841 -8.382153 -2.622406 3.717442 0.06875537 
  90.33105 -4.868654 -7.32878 -7.353653 -47.2769 -32.52618 -27.62913 14.36241 -24.19979 -27.24761 -13.38123 -20.20104 -30.13717 -19.53372 -21.9528 -20.32642 -10.02524 -2.104614 -0.9380255 -0.51061 
  90.14748 -4.589493 -7.243392 -6.905276 -47.97736 -23.79517 -22.95479 12.12893 -25.27107 -20.11327 -18.66843 -15.55847 -28.03861 -18.66054 -15.45076 -21.54232 -10.37321 -0.9532369 -2.710099 -1.402968 
  89.41979 -2.562124 -7.692212 -7.617698 -47.13192 -22.4816 -25.96017 15.85214 -26.7639 -22.50418 -10.85448 -19.29719 -31.03472 -12.70643 -15.9969 -21.41618 -10.04431 -2.240119 -2.902429 -2.141057 
  89.16341 -2.028284 -2.895222 -8.633637 -39.58269 -26.12935 -27.57685 22.04053 -25.63513 -19.42646 -10.61669 -12.15097 -31.12632 -9.804514 -12.43508 -22.51342 -6.791298 -1.546892 -4.139534 -1.135357 
  88.33896 -0.4343233 -5.421314 -0.944269 -40.09288 -26.41105 -29.59489 23.67669 -25.65475 -23.77556 -3.624902 -12.01421 -22.97614 -19.77888 -5.962815 -20.07363 -10.55002 -1.888963 -1.719338 -1.246834 
  88.67882 -3.921794 -3.229327 -4.467228 -33.46254 -28.58259 -30.68936 12.06788 -34.96068 -25.3253 3.17277 -7.236832 -27.65763 -26.64943 -14.34888 -26.00374 -4.713635 -1.137119 -1.497728 0.7119391 
  87.21695 -4.553386 1.748922 -4.125552 -35.85352 -28.15785 -33.26735 2.480039 -39.11167 -23.2472 1.904034 4.590271 -33.99437 -32.91697 -21.41519 -24.80882 -6.550379 1.34866 -0.8995495 1.266579 
  86.66161 -4.424287 4.735713 0.6098524 -41.42215 -29.10374 -34.42468 2.601809 -29.50848 -36.86501 15.93494 -1.148438 -38.54118 -28.73826 -19.06947 -23.84385 -4.530368 -4.101955 2.027429 0.8887181 
  84.88633 -3.503736 9.27517 0.4322169 -41.08007 -34.11795 -37.18978 -0.1292656 -24.61952 -29.89838 4.182154 -1.595066 -38.64707 -30.78803 -11.70259 -19.61079 -9.193261 -5.923891 -1.816406 -0.8510168 
  84.00056 -2.314712 10.89431 -0.430488 -34.36658 -33.65054 -40.6425 -4.119925 -17.59488 -23.23405 2.82442 -12.69442 -24.8879 -23.14155 -15.13836 -22.54114 -6.572934 -4.774312 -2.692747 -0.01808583 
  81.18568 0.4670077 16.35394 -0.05664637 -33.05563 -32.53503 -36.84825 0.3275254 -17.91928 -29.29599 -0.639878 0.8575974 -14.80141 -24.00494 -20.15435 -25.6464 -7.769344 2.576909 0.6040894 -2.718035 
  78.45389 -0.5273731 23.86378 -2.3427 -30.32602 -21.4428 -32.26545 -8.63171 -33.45676 -20.39838 -0.3091912 3.033279 -15.88827 -18.77543 -19.26951 -34.71594 -10.36512 9.250032 -0.8253834 -0.8066202 
  75.67091 0.8645095 27.44509 -4.036292 -23.46623 -18.9346 -25.44102 -13.49423 -40.41804 -18.70292 4.52318 -4.420418 -13.2806 -21.53508 -25.5674 -20.20646 -12.82276 0.3304102 0.1714607 3.022899 
  75.4704 1.597667 24.91516 -7.273758 -21.9349 -20.57487 -24.74449 -5.608176 -40.69563 -29.11589 -4.486447 -2.067055 -13.75449 -23.71607 -24.36646 -17.40205 -14.92921 -2.143906 -2.067652 2.645218 
  74.86728 3.273634 24.79482 -6.961215 -22.95109 -16.98102 -25.54404 -18.0606 -32.71192 -20.78908 -5.595826 -3.241402 -9.203099 -26.21075 -29.86632 -16.37349 -13.04534 -0.7556286 -0.3059014 4.618933 
  74.0791 4.330592 23.37703 -7.613551 -24.43874 -17.90572 -23.18539 -19.85723 -33.86696 -17.71346 -12.19553 -3.241791 -12.96036 -24.9058 -24.82663 -15.04413 -11.31309 -6.353957 -5.433855 4.137967 
  74.84837 4.365498 20.75378 -7.602956 -17.26123 -12.83297 -20.92095 -23.78018 -22.12008 -23.32773 -20.22386 6.758526 -13.52387 -15.78351 -23.08826 -16.10666 -10.87721 -8.00052 -2.678834 3.205158 
  78.35329 3.505197 14.46603 3.163741 -18.01111 -17.47805 -9.880859 -17.45077 -14.32553 -10.66913 -17.61841 0.6276283 -10.7808 -4.418704 -26.21948 -6.596889 -8.939462 -5.831424 -2.695444 1.74348 
  76.52904 7.266539 20.97667 -0.9889233 -13.76414 -11.40757 -7.914768 -20.82132 -7.408442 -3.73034 -9.201727 2.727608 -9.299874 1.814293 -24.57953 -4.465434 -8.318297 -5.666507 3.011322 2.265506 
  76.47701 3.71929 23.11924 10.27956 -24.12696 -13.73529 -5.462691 -14.96617 -11.76783 -14.35486 -5.989367 7.640179 -5.196515 -1.252591 -22.70961 -6.354551 -10.54312 -2.759018 -1.347312 3.635167 
  74.56596 4.283299 27.48841 -0.7500893 -18.99328 -14.38709 -9.307074 -15.43322 -18.31706 -22.56701 0.3106424 0.4957809 -8.772837 0.06538767 -29.32679 -4.737509 -13.64841 -4.43335 -0.09167817 3.340318 
  74.21404 5.695351 26.90388 -0.2772869 -25.27434 -8.287848 -13.61797 -19.20223 -11.55812 -21.4082 -2.369023 -5.941784 -5.869316 5.739548 -31.27836 -8.888203 -12.52675 -1.402322 -2.159708 2.485705 
  73.52814 6.215519 25.55012 -3.603601 -26.78704 -14.23557 -12.85787 -17.5979 -16.19634 -26.24929 -11.83754 -4.564304 -3.794622 1.689226 -34.32605 -12.11432 -11.22982 -4.843338 -1.672554 1.572774 
  73.21761 7.638067 25.55911 -5.924817 -32.8793 -3.729878 -20.4446 -15.89639 -14.94219 -31.01124 -6.027755 -4.88855 -0.3918856 -10.1791 -26.00079 -9.526537 -15.47465 -4.585436 -1.050891 2.581193 
  73.60529 8.193444 21.20536 -3.301486 -30.09719 -11.29946 -18.14038 -11.36613 -19.97412 -29.98867 -6.552061 -6.942993 -0.6963605 -7.000492 -27.27935 -11.28955 -15.59071 -3.243702 -2.09843 2.039391 
  73.04245 7.665702 23.52208 -6.885825 -35.88016 -15.68341 -11.85655 -16.71072 -24.27489 -34.33398 -7.032173 -5.913254 -6.976927 -7.090683 -30.27839 -9.251861 -17.91409 -5.704807 -3.120255 2.222179 
  72.41708 7.969839 25.58434 -8.243763 -39.26207 -18.77089 -12.43851 -11.29518 -28.548 -35.09192 -13.02211 -4.746574 -1.738226 -6.037318 -36.90841 -12.62425 -13.68894 -6.106109 -1.871846 0.4286847 
  72.29075 7.825816 25.2716 -14.6175 -32.33839 -23.55288 -22.08826 -13.45734 -23.17112 -24.71649 -22.93348 -10.89656 -2.658623 -8.807953 -31.47222 -15.61158 -12.33797 -6.289717 -5.004723 -0.3445006 
  70.27415 9.982303 26.26826 -10.90446 -34.47298 -27.86827 -25.03483 -9.618648 -17.29579 -27.35204 -15.3797 -15.328 -9.045589 -6.881044 -25.37353 -11.75874 -12.13568 -8.641492 -6.723523 -1.414942 
  70.00238 4.497175 25.78978 -4.265326 -23.05237 -37.21811 -9.235667 -4.192689 -13.02582 -18.74143 -12.8999 -11.85164 -9.590325 -6.45998 -17.69105 -5.966446 -10.56866 -8.241978 -5.568234 -0.3520603 
  70.16451 -1.440837 19.91223 -0.943868 -17.06265 -41.78739 3.148459 0.03580499 -12.09048 -1.19611 -17.15438 -20.47085 -13.27744 -5.153274 -16.66626 -0.08037664 -7.02135 -2.590264 -5.233048 -1.743519 
  63.9452 -2.15255 20.21045 3.19565 -7.705389 -14.83847 -8.418676 -5.044156 -2.45766 -4.136029 -14.89835 -14.29224 -12.14983 -7.487825 -10.81741 -2.699294 -5.253778 -1.502334 0.2786519 -1.975756 
  60.96421 -5.435352 19.60936 6.642896 -7.00484 -12.37115 -11.01964 -8.807479 -3.913678 -5.412852 -9.736996 -12.12132 -11.49459 -8.388013 -8.040605 -7.915918 -7.400245 -5.608703 3.80445 0.007181217 
  59.33372 -10.27548 17.40471 10.13983 7.807293 -5.004113 -12.23694 -15.59257 -15.68406 -11.31976 -3.220251 -6.851486 -3.396263 -9.72976 -15.23224 -12.31012 -8.17802 0.7725977 -1.855291 2.966695 
  80.86092 -11.74299 -11.58233 -28.97705 -5.151784 11.35341 -17.07454 1.409244 7.521181 18.16562 -3.995224 -5.207977 6.957551 3.66961 -8.125381 -8.265894 6.505623 -9.573462 6.413382 1.266281 
  85.0477 -13.98096 -7.600319 -22.77856 2.204461 9.961515 -21.88823 3.33467 5.005897 15.74549 -7.727491 -13.32545 6.265034 0.841555 -14.9653 -13.76855 10.77076 -7.401251 10.08827 3.617246 
  80.22249 -4.806787 11.93377 -19.96214 -6.318474 -10.05446 -50.84263 -24.13546 -0.2800935 0.8821138 -10.07298 -13.94235 -19.02465 -1.825511 -21.65518 -12.6303 2.256886 -3.081864 6.216858 1.740911 
  78.24234 5.778211 14.84699 -19.36603 -27.45638 -9.451096 -42.49334 -24.50359 0.2822819 -0.785181 -1.755787 -11.99048 -17.68119 -2.216184 -28.38319 -7.968729 -8.812015 -6.291502 0.7781125 3.066434 
  78.7236 3.750778 12.17392 -20.77015 -39.13673 0.3281853 -39.76487 -29.75623 -20.7553 -7.070923 7.458457 -16.14883 -13.89767 -7.167233 -26.28406 -13.58956 -9.230192 -10.98598 -2.389567 0.827626 
  79.9772 5.041542 12.28225 -27.00189 -44.97498 11.3205 -35.91461 -25.70494 -22.99035 -18.05798 17.93871 -18.27499 -15.86908 -11.21178 -18.92165 -11.02033 -12.19468 -9.544296 -4.278143 2.228282 
  80.44576 8.14292 14.22212 -34.83471 -41.90858 3.680473 -24.82719 -29.51957 -20.05603 -15.97105 13.50524 -19.38517 -12.12671 -6.516707 -29.08925 -4.195178 -9.811448 -13.67454 -0.3672775 2.071622 
  80.20061 8.693305 17.88829 -38.35486 -42.52306 0.8986899 -25.45998 -30.4196 -13.21356 -22.04128 6.202395 -15.61298 2.795011 -11.98613 -28.53076 -7.50389 -12.17955 -7.779377 -2.70639 -1.623675 
  79.46232 9.199219 19.83365 -34.51955 -44.08876 -3.041557 -27.55456 -27.31598 -18.14612 -21.39894 2.389929 -13.38406 3.437633 -12.37341 -26.15858 -10.72645 -13.56696 -8.911032 1.731124 -4.643509 
  78.29276 10.84054 21.34566 -29.63414 -44.01875 -6.194324 -26.73538 -26.14392 -20.39384 -25.18909 13.15487 -8.010006 -10.80931 0.06934354 -29.63146 -10.6708 -12.79965 -8.775329 -0.4999078 -1.594496 
  78.04634 11.72128 20.22649 -29.7465 -41.40414 -15.30853 -26.67486 -24.30007 -21.85516 -22.442 7.031425 -6.398106 -10.59419 -13.43405 -26.62263 -10.48339 -10.33298 -9.420864 -1.770743 -1.41845 
  77.42583 11.57677 22.81343 -29.32965 -44.3609 -16.72092 -23.71241 -24.95296 -22.08331 -19.57999 1.938091 -1.443317 -12.21265 -16.57082 -25.33587 -10.66011 -10.59115 -9.192766 -1.585055 -0.1899225 
  77.43016 12.35841 21.62116 -29.27426 -44.02013 -14.93695 -29.32718 -20.77188 -26.67723 -9.601933 -3.598169 -3.436981 -9.631354 -22.27035 -18.71785 -16.19778 -8.792308 -9.244524 -0.6195527 -1.574299 
  77.8388 12.58186 21.19479 -28.28017 -45.83811 -9.860003 -30.07223 -27.12703 -19.53424 -6.815353 0.4714282 -10.39626 -4.131147 -22.05582 -20.29677 -12.73555 -10.51735 -6.833986 -1.988385 -0.3419431 
  78.63787 11.39287 20.60287 -30.46364 -46.85669 -10.63711 -34.459 -25.97093 -23.45848 -11.18053 9.036633 -12.89329 -10.6338 -22.04294 -20.49673 -12.25409 -12.7918 -8.457777 -0.4898706 -0.9799268 
  79.84537 12.56094 17.07915 -30.66123 -42.05638 -7.275824 -39.51043 -25.13036 -15.33639 -10.68431 17.86357 -16.91453 -12.21631 -13.71368 -22.84524 -12.11209 -9.21207 -8.700759 0.857645 -1.693959 
  81.33147 9.269993 18.16362 -35.1927 -49.03508 -0.4127567 -40.88923 -32.62088 -16.95228 -6.131119 12.67609 -12.78147 -19.67801 -14.64379 -22.9973 -12.19999 -9.799163 -10.3735 0.1051969 -1.330537 
  83.76947 9.602549 11.1374 -44.99962 -45.87365 11.25068 -42.99156 -26.21835 -10.45106 -14.57303 18.6887 -18.01758 -21.01725 -14.68741 -21.92877 -8.00723 -8.843794 -15.19529 2.922077 -0.4349908 
  85.18909 10.00168 0.5587059 -47.80801 -39.16265 21.14274 -40.01842 -18.6487 -2.885817 -23.69249 7.341024 -24.76099 -18.36436 -5.708672 -16.84167 -5.758523 -10.6893 -14.55367 -2.392028 0.7431484 
  87.25576 7.118927 -5.510697 -44.73145 -43.09814 20.91975 -40.43221 -15.4181 4.820074 -24.12164 -7.085186 -29.30466 -19.78978 -8.859864 -10.82727 -9.074735 -15.17069 -3.355444 -7.718528 -0.4250211 
  88.16589 5.77883 -7.867487 -47.61538 -40.27575 19.29322 -44.47861 -10.51101 6.504067 -23.26315 -10.98686 -36.946 -20.93843 -11.36198 -10.07637 -8.384405 -15.06297 -3.61933 -6.057931 -1.81221 
  88.50861 5.756094 -10.58552 -44.92877 -41.5227 21.78517 -44.64675 -8.50003 8.378035 -23.24545 -13.20856 -34.49517 -26.55603 -9.256201 -7.497541 -10.41044 -15.26332 -1.047997 -6.029009 -2.138076 
  88.69231 5.546142 -11.83454 -45.82506 -42.86425 27.48416 -45.5691 -10.23569 10.30126 -25.38274 -10.37308 -35.24829 -26.41407 -8.982221 -5.21669 -12.46391 -15.51445 2.124777 -7.288352 -1.654579 
  88.42548 6.018246 -13.0626 -44.17369 -42.9497 24.84082 -34.21813 -20.50266 9.884318 -18.49754 -15.27665 -31.35832 -26.7256 -7.00523 -6.477454 -13.06266 -14.89415 0.07806715 -4.562508 -1.693583 
  87.71301 6.914821 -12.48995 -47.13918 -40.10057 24.38634 -29.85463 -25.08183 5.997636 -15.82816 -17.02778 -30.37457 -24.14437 -8.815413 -5.850302 -14.74238 -16.29513 0.7367027 -3.242639 -2.199434 
  86.98424 7.259634 -11.09945 -43.42644 -42.42938 28.83335 -28.97697 -22.74351 5.228598 -22.17593 -8.547859 -30.87838 -19.78412 -12.65673 -0.6809603 -16.63159 -17.52378 2.894011 -2.660441 -0.6315554 
  87.22725 5.533074 -9.98948 -46.45306 -40.83492 28.55952 -31.69068 -22.16971 0.9701329 -25.36961 -11.27008 -30.97424 -18.85772 -16.77166 -2.44243 -16.70724 -20.86961 4.533288 -2.777788 -2.269428 
  87.45446 6.810937 -7.900762 -46.14431 -40.90449 29.07434 -27.49778 -24.47046 6.827688 -20.2742 -12.941 -30.86198 -19.17992 -11.92918 -4.142811 -13.85724 -18.14256 3.046219 -2.228796 -1.488313 
  86.7999 8.82523 -8.995708 -40.75439 -42.35554 22.79292 -17.33245 -28.43054 6.55798 -13.27079 -11.85173 -32.01556 -22.29424 -4.24048 -5.136683 -14.90989 -14.94542 1.617652 -1.296077 -1.528358 
  86.03841 9.132099 -5.003248 -44.16004 -42.43009 21.20575 -24.18478 -24.17724 3.332037 -8.217921 -15.69254 -35.61701 -22.32448 -7.19379 -6.367264 -11.93029 -15.92234 0.221195 -0.4615875 -2.693799 
  83.58382 11.98328 -1.126891 -44.11238 -43.84356 16.64272 -27.85918 -25.76121 5.042533 -4.068154 -14.82055 -39.79924 -25.72663 -7.139091 -4.279696 -11.00216 -14.73064 -1.527785 -2.846416 -2.403016 
  82.41437 10.67694 0.416854 -36.94939 -38.41413 8.33331 -29.64639 -30.59534 1.594404 -0.2500274 -21.36794 -29.71029 -28.96858 -8.517301 -4.448801 -9.777773 -16.53699 -3.766845 -4.018192 -2.529747 
  81.03564 8.326991 3.193289 -27.3846 -29.76932 8.326984 -35.40997 -31.60046 0.0623468 -7.241508 -17.61147 -21.86808 -24.52308 -8.790487 -3.750892 -14.70701 -14.89825 -3.28147 -6.443602 -2.343277 
  78.35796 4.749403 8.611132 -13.039 -21.01617 -0.7218021 -30.32984 -23.86397 -11.8964 -8.574984 -13.57167 -19.0619 -19.37261 -7.277844 -8.466712 -19.67773 -10.08881 -2.966921 -4.678298 0.2081225 
  77.07599 -9.303102 17.33167 0.9958601 -18.9545 -7.188913 -46.43718 -19.80078 -5.073691 -16.0782 -21.52245 -18.48832 -14.13174 -15.2763 -22.1191 -18.37944 -7.795168 -5.228556 -5.770738 0.315878 
  78.76929 -20.9007 21.11623 0.8139806 -10.37309 -7.664824 -34.87794 -6.316668 -19.74963 -28.17005 -16.94536 -8.102634 -19.90374 -10.5544 -20.34319 -17.03531 -7.452362 -5.328413 -5.017062 0.5069743 
  77.68967 -27.29403 18.99656 -3.788566 12.02186 -3.706306 -25.35669 -7.420271 -21.88286 -21.69913 -17.60194 -8.674427 -18.40985 -9.857869 -21.47083 -11.61367 -7.604502 -3.36113 1.672668 3.347608 
  78.95219 -31.60357 13.52416 -8.880935 7.07747 -9.459979 -21.64457 -0.1554581 -12.22162 -18.46166 -17.55758 -4.22319 -17.03384 -10.22203 -18.86465 -10.53212 -7.852012 -1.213318 1.213863 0.775695 
  79.1496 -27.16849 5.953868 -1.557306 -0.2300575 -20.63267 -25.22147 4.455308 -1.872414 -13.11205 -6.255159 -0.9500771 3.297821 -6.989274 -18.79876 -4.169721 -4.588948 -7.001135 -3.114976 2.324258 
  79.83563 -27.09155 -1.697896 -0.626459 -6.721931 -8.7419 -22.42573 16.64449 4.480494 6.181085 -12.06642 -13.67823 -0.8629624 -0.09357467 -14.64021 -5.83566 -7.87462 0.8885664 0.6055685 3.180586 
  78.94154 -30.07954 -9.040523 -5.0345 -5.321508 -9.995411 -11.71802 32.86774 9.193481 -0.07309832 -10.77514 -10.12909 7.468853 -6.627383 -21.16644 2.28828 7.120733 4.438576 1.74342 0.5991231 
  77.06195 -34.18358 -4.511459 -5.584237 -11.40394 -11.22966 -25.42644 30.26258 6.147089 -2.198603 -10.04392 3.280174 12.43445 1.293318 -15.64463 0.4972703 1.109268 1.445112 -3.886517 0.7115434 
  75.82703 -37.25552 0.2642636 -2.173046 2.490931 -6.388169 -17.44109 31.64076 1.567119 2.382947 -0.6526098 -5.2271 -4.272331 4.425558 -5.28202 0.3988836 2.311161 4.445302 -3.378782 1.91276 
  76.63065 -46.25446 2.782654 -6.947844 0.4833994 -4.887239 -15.28715 25.61062 -5.557682 11.70636 12.29895 5.812489 -0.652247 2.187963 1.076915 9.590935 6.738215 2.761897 -0.221458 1.036115 
  75.45923 -52.23109 6.049056 -9.958601 2.262598 -11.74167 -9.953584 31.65271 11.29897 26.63252 12.59849 11.00283 3.883937 10.70431 -5.630787 2.640284 0.9568678 -2.135444 2.513054 -2.769025 
  75.02547 -46.32468 8.806125 -17.44661 7.498005 -6.249013 -11.58946 23.48075 -5.694965 19.87731 -4.270812 4.28516 -4.963578 -3.325019 -2.446461 3.406564 3.461612 -2.05638 -1.027829 1.874741 
  74.95618 -48.81616 7.896673 -15.59305 9.849511 -2.785406 -8.448316 21.74082 -5.146799 11.89437 15.42594 21.20855 9.588919 4.679891 -2.284637 -1.558546 3.585238 -1.485452 -0.994479 -0.6517672 
  73.57545 -49.69917 8.332397 -16.45702 6.423256 -3.194356 -11.91748 19.01788 -15.68973 5.560109 6.439187 16.09962 4.408979 2.938908 1.700475 -4.409973 3.48571 -2.284626 1.745306 2.367364 
  72.87936 -49.95311 7.062585 -16.10606 1.965419 -3.717431 -3.606045 21.34921 -4.402374 19.08419 7.954215 4.215397 7.341466 4.521049 -0.005384496 -10.85353 6.762319 -4.465569 -2.977082 -2.156037 
  73.51443 -49.08315 6.718173 -12.20181 4.708376 -9.422415 -7.221703 25.39166 -2.783089 15.19059 10.11523 13.99157 5.910051 -1.118169 3.098284 -3.427571 2.685815 0.1430731 -3.138846 2.640311 
  73.16727 -49.62237 4.122181 -10.38641 -9.948975 -8.335176 -4.883913 25.86662 1.894298 2.428875 10.60318 9.438549 2.081168 10.45986 6.347287 8.262977 0.8778175 0.4061068 -0.2563613 1.449022 
  73.30762 -50.49711 1.887826 -4.353416 -3.004884 -7.950744 5.505221 23.89468 -1.898623 0.4249923 13.44035 3.430401 -3.743842 10.23343 -0.5317268 1.863187 -1.248095 -4.579934 -0.7726749 1.728242 
  70.57171 -47.73133 -3.595378 3.308652 8.564843 -13.5409 1.534585 31.46766 -10.67893 -1.888683 7.591545 0.2142334 1.161247 6.888813 0.8195166 -4.783388 7.3816 1.436893 -2.024557 2.001378 
  66.45197 -36.01666 0.3194688 5.145434 9.372234 -12.31364 -5.188914 28.24647 12.83147 3.759381 1.605999 7.920902 9.028414 -4.534581 -7.453014 0.2275032 3.516941 -6.16434 -2.768183 2.262672 
  62.13766 -32.87244 3.284904 5.766839 -4.144247 -5.076589 5.856002 18.60428 8.710096 18.58007 10.64935 2.962784 4.250416 0.1266542 -3.25719 -3.909444 2.769701 1.577206 3.877294 2.017731 
  60.93011 -29.51085 -2.278423 0.2683064 2.293466 11.30407 10.63402 5.817254 -1.508163 9.373252 -0.6870072 7.5397 -0.6129405 -0.2346639 5.882465 -3.974693 2.675588 1.686966 -1.349888 0.1368415 
  61.1702 -25.91575 -0.4967769 -1.947836 -8.84411 0.9583867 1.00034 8.733812 1.885109 11.21567 12.80581 9.8867 1.250755 -5.57047 11.09152 -1.054362 0.408422 1.041421 0.4495395 1.305757 
  62.00331 -23.73751 2.540169 0.5625345 -9.949243 -5.508971 -2.736324 11.78574 12.09638 15.38604 19.82524 0.8441048 0.7576841 -4.539804 1.615023 3.394741 -2.313299 4.494053 1.077328 2.110953 
  65.64325 -20.61227 -3.244659 -6.397544 -11.88189 -15.77504 -4.761786 14.80148 6.399594 9.003953 10.4868 4.058109 -19.35494 -8.447351 1.680842 7.800905 1.313745 3.360538 0.1887907 1.101742 
  68.32036 -20.51467 1.190564 -2.72924 -10.29267 -25.05451 -11.8529 11.96641 6.980968 6.810373 4.485563 -1.16375 -17.66757 -6.426867 -3.458059 1.098301 -3.694844 3.939189 0.9045168 2.990135 
  64.00047 -21.22182 -7.718962 -0.6268321 -7.901889 -5.326607 -3.443575 22.33711 19.62578 2.880253 10.50651 -1.094685 -6.088229 -5.361382 0.9587919 1.547948 4.458166 4.246009 4.825321 1.056233 
  63.46441 -24.45134 -9.291721 3.692798 0.1438261 -1.811028 -1.149239 15.13789 26.91465 10.29848 6.961304 10.81001 -5.54211 -16.48005 -2.34695 1.631515 4.943516 0.7616839 4.402668 4.711583 
  63.59871 -23.70984 -5.503376 2.092134 -11.11095 -7.512225 -13.21426 17.69246 23.5636 7.589926 -5.594341 12.80806 2.228474 -11.73652 0.4375926 4.17418 6.223536 3.390269 3.151206 3.729056 
  62.46586 -24.13199 -1.797435 4.22301 -7.849104 -7.433333 -6.551833 12.87595 26.52819 17.52346 -1.919917 3.518646 -5.220493 -12.11195 4.886732 4.830079 3.733395 3.263261 -1.337899 2.727031 
  62.20058 -24.84304 0.9371953 4.527171 -5.066535 -5.926461 -8.853381 12.30177 24.2693 19.09199 4.293781 7.06065 5.643239 -5.41975 8.344717 4.310897 0.7379779 5.302576 0.39511 1.615556 
  62.78029 -24.743 -1.839126 6.245037 -6.967857 -6.291898 -11.63968 2.652043 30.31432 18.51109 -1.868843 5.092472 5.426708 -9.904811 2.632111 -0.8358677 0.9826649 3.338083 -2.435039 -2.267614 
  61.28418 -25.6714 -1.08359 -2.774685 -9.658944 0.9723554 -2.283991 2.23447 14.09434 16.5122 -1.260063 5.541962 10.74046 1.530164 -0.09236562 -1.783477 1.908315 1.826189 3.960004 2.322537 
  61.13861 -24.51042 -1.267907 0.01361085 -5.755109 1.814059 2.651125 9.701068 5.466743 21.04733 4.861078 7.098839 11.43569 -4.306947 -0.6692677 3.975952 4.332994 1.574784 1.095393 4.107327 
  60.53549 -27.14194 1.088105 3.03049 -1.499246 0.4869151 -7.192742 9.231516 10.1309 11.60152 12.47145 7.192806 3.66592 -0.8189657 8.01118 10.3844 2.000353 4.374061 1.528978 3.356576 
  60.48439 -26.92222 2.817669 1.626559 -6.710665 8.11919 0.6156888 2.712055 11.3841 0.9799941 3.989714 6.992546 5.798685 2.06402 4.595061 5.065824 2.182197 2.378304 3.381621 2.872128 
  59.47419 -25.09501 3.159275 -0.07969584 -2.829234 17.44018 11.61112 0.6396345 13.83141 13.09786 5.522519 -3.204174 2.919222 7.605157 2.355848 -1.298736 7.817482 1.673045 -0.5259027 -1.213674 
  60.08891 -24.47853 -0.1293778 -3.655714 -8.060579 3.374964 5.497943 15.58102 15.79641 19.36567 4.995481 10.31353 6.998887 6.24871 0.1500705 -3.3362 -0.2159633 1.640603 1.821237 -0.8401812 
  59.06219 -24.94735 5.555203 0.4934856 -10.25588 5.190252 3.727473 14.84944 11.1197 12.23181 5.75473 8.856548 6.156853 0.9878343 -6.27802 -4.978991 -2.341599 4.272936 4.665537 0.1658598 
  60.15006 -26.15288 1.208034 1.694061 -0.3439455 5.416435 1.277183 -1.202154 3.630452 13.98174 6.014649 -1.801083 -1.725312 2.185165 0.3745216 -3.640963 -1.185262 0.8344864 4.05578 -0.006242401 
  60.44466 -25.79529 3.440571 -0.4524114 2.740686 7.406288 1.307901 8.65626 6.004513 13.88055 14.30013 0.5318756 -1.904499 -0.5888417 -2.651143 1.885441 -1.045048 2.542534 1.669173 0.7647014 
  58.64854 -26.24592 1.731464 0.8763369 0.6191287 -1.046698 0.6501613 7.466124 12.21259 19.09953 5.434791 7.745716 -1.124299 0.5092172 4.165199 -1.593581 -2.415699 1.342334 2.059481 -3.088137 
  59.56264 -24.64616 2.554042 -1.441823 -5.523376 -0.1186737 0.1655413 9.31077 12.38934 5.738567 -0.2815962 4.838676 1.886801 -3.450924 -5.70571 -4.873661 -0.5190926 2.738698 3.677326 -1.407738 
  65.21236 -33.76939 10.35267 5.860347 -2.728572 -0.8763032 -3.397938 12.09607 -3.176795 10.7752 -14.61781 18.69168 -10.23517 4.695813 -6.60499 1.723245 5.695137 -0.2603327 2.223735 -0.6971703 
  67.54454 -38.37903 17.1121 -4.48304 2.290488 -5.236054 -10.09794 26.90292 -12.10535 5.404582 -5.720106 8.191544 -10.78625 -5.606998 -5.299236 -9.867728 0.4053278 3.279526 4.861409 4.030121 
  67.22429 -44.40802 12.58704 -19.36067 3.578511 -12.90834 6.966069 14.53435 2.805233 17.53643 5.840973 10.61676 3.8999 3.454109 -2.177963 2.804839 6.165847 1.231454 6.156099 3.069074 
  67.88763 -40.08376 10.56731 -12.31893 9.843462 -3.153252 14.21376 19.67177 8.544214 5.177981 2.371505 -4.117722 7.413821 -6.456443 -2.417476 -0.3663545 1.760609 -1.159947 -0.5234157 0.4199087 
  68.68861 -41.08318 7.684155 -13.36781 1.780503 -6.747644 1.103784 24.11695 5.020127 10.47917 1.517998 10.174 1.39195 1.686691 2.402081 3.39976 3.888307 -1.57974 0.620804 3.752558 
  70.34138 -46.93329 6.115993 -17.44096 5.022985 0.3338222 -5.596573 26.69109 -0.7588676 11.80455 8.515502 2.396175 6.198597 0.7307353 4.418152 -1.021095 -3.207821 0.9321009 -4.23936 4.806668 
  71.2109 -47.91024 9.262297 -19.12106 4.890199 -2.040184 -12.26463 29.44285 -0.0323201 12.52362 -4.062398 6.097904 -2.265762 -1.205551 12.35145 -4.033197 0.1028313 0.4857416 -2.577501 2.834479 
  70.43958 -53.32102 8.123846 -20.95191 7.160823 -2.31697 -12.26968 31.64594 -1.808117 17.18303 -3.460557 11.34174 3.446816 -0.6029131 8.852489 -2.295905 1.773314 -6.727565 0.1382651 -0.6830814 
  72.31928 -49.6708 13.46398 -22.53924 5.042916 -5.918481 -3.29939 27.92344 -3.650387 29.6029 8.630315 26.57351 0.3060054 0.5847866 -0.5187353 -7.899756 3.709405 -0.8789886 7.440683 2.215446 
  72.41985 -47.4948 18.51122 -17.69551 6.927433 -5.958095 -8.088101 30.64982 -1.546912 13.399 0.7200895 10.07167 3.365357 7.683657 0.9460654 -5.045569 2.536279 0.8318348 5.453414 -1.583412 
  73.06642 -48.04358 12.04055 -17.10652 0.4109725 9.130143 -18.65866 34.11847 -0.8788563 3.032017 21.27683 0.6668015 10.55279 10.32313 3.413311 -0.02907963 -2.511024 -0.01597546 -0.04124863 -5.598398 
  72.02916 -42.47448 8.586234 -5.176035 -2.805752 15.16065 -23.63742 19.53995 16.22925 -1.438802 21.77914 14.92102 -2.430391 2.122763 -0.3677175 -5.082051 -2.120986 -0.01058902 -0.2782726 1.395283 
  64.81973 -33.6563 6.660465 -1.936916 2.187428 6.196088 -10.80157 16.27875 10.71756 -4.748774 2.008904 21.99994 -3.556017 10.41979 7.931137 -2.153714 9.400208 -2.192751 -1.863401 -1.431757 
  59.72642 -31.63965 8.80118 -2.356721 9.107249 13.02165 -4.314276 22.81227 11.80842 17.23186 6.110211 6.190933 -3.815584 -7.708461 0.7193052 -4.759343 -0.4775923 -1.165324 5.787955 1.394058 
  57.3427 -30.3447 4.809557 -2.233534 5.556002 9.149889 -1.845623 12.40793 1.262318 7.80529 7.281311 4.415417 0.8625315 -3.404765 -0.2873857 1.445351 -2.145804 -4.136307 2.252388 -0.6652333 
  57.66325 -28.65914 -0.2421689 -4.457937 4.284399 1.488213 2.551186 6.112365 7.695951 17.38246 11.43016 16.95729 5.27591 1.530605 10.08855 1.510565 3.605917 -1.651141 1.838353 -2.095205 
  58.27988 -25.30107 -3.560133 -3.172522 -0.6401853 0.4032199 11.72204 16.15937 16.18605 12.18984 1.608822 10.71406 4.783621 -0.7658314 6.044281 -0.1224352 -3.117337 -5.444878 -1.536864 -1.134986 
  59.23262 -23.22176 -0.7596371 0.4118338 5.99235 8.752455 9.605548 7.235785 14.50765 10.25478 -3.702574 -4.917286 -4.460791 -2.74139 -2.213789 -2.248569 -2.011298 0.279571 3.478306 2.21667 
  59.05816 -19.83503 3.195657 -1.65358 -2.794273 1.695249 -8.044402 0.8823487 8.214421 15.72506 10.64926 6.995899 3.20821 5.553963 1.17524 -0.2691021 1.683686 4.2854 2.225893 0.9225182 
  69.2095 -21.56532 -2.359925 -8.579121 -3.485706 -11.62438 -21.78119 1.358409 14.36437 -9.449865 -1.935835 13.45219 3.11783 -3.536995 -5.724596 7.292284 6.058789 2.787728 0.6729611 2.628395 
  72.31199 -20.95052 -8.195239 -10.17399 -9.649001 -10.55934 -27.11805 3.87263 10.45276 -19.00618 -9.424596 -3.899265 -2.673565 -7.115851 -10.37579 1.849648 1.494088 1.486243 -0.2797359 3.287943 
  79.73094 4.116674 1.847812 -18.66539 -31.9624 -19.14048 -49.63198 6.609567 3.517829 -16.47116 -24.95796 -21.98788 -8.578118 -15.52553 -7.858325 -4.531294 0.1148928 4.059965 -1.549043 -0.5689601 
  83.91579 2.984214 3.106407 -18.3719 -36.51717 -23.46486 -55.69065 29.52353 7.091932 -27.49056 -30.37099 -14.22887 -9.940308 -16.34636 -22.13404 -15.21756 -6.720123 2.087151 0.8477891 -0.4470228 
  85.40753 0.7929704 -2.548495 -26.4185 -29.90289 -19.37719 -49.57971 19.01798 3.449121 -25.35734 -42.78324 -14.17213 -5.616256 -18.67196 -20.21846 -8.603264 -12.99094 -8.147142 -3.513579 -1.083811 
  87.34473 -0.3026342 -9.254439 -24.31354 -33.64996 -5.105907 -48.99345 13.10668 6.885642 -18.54161 -37.1624 -19.39421 -8.052804 -17.00141 -15.00949 -3.884188 -11.99865 -4.65814 -7.25226 -2.040953 
  87.88548 0.8865926 -10.51577 -26.57912 -31.12778 -2.186291 -36.28062 7.779505 5.886828 -10.95853 -32.38021 -17.45885 -8.460652 -14.2103 -15.82296 -2.435587 -8.377721 -5.697343 -4.601293 -2.733327 
  88.22633 0.9871657 -15.39469 -23.39922 -33.3869 -3.17436 -34.54353 10.25232 -1.206342 -20.19554 -32.96016 -17.42088 -10.49493 -18.94861 -17.96011 -1.339565 -9.323476 -6.620549 -2.409358 -1.892331 
  87.92554 0.4116359 -17.48014 -24.01822 -29.22319 -2.719184 -36.06876 7.988986 -4.30025 -22.55212 -34.61565 -12.52972 -6.044557 -26.49858 -13.26557 -5.268836 -12.64874 -5.14877 -2.961016 -1.169596 
  87.29967 1.497393 -19.60048 -22.09962 -25.43421 -2.993936 -34.89385 8.264859 -6.834211 -28.31199 -35.06078 -6.255432 -6.343658 -22.74578 -17.75886 -6.989507 -14.61534 -2.509158 -2.025359 -0.01309829 
  87.31308 0.9647743 -17.19852 -23.53117 -28.83571 -2.543873 -29.84226 7.387107 -6.833487 -25.4136 -36.28773 -13.0036 -5.92615 -22.21607 -17.68508 -4.823802 -17.17763 -0.816496 -1.727759 -1.311932 
  86.69792 2.142367 -16.93907 -24.10398 -27.50832 -1.114394 -32.39686 7.330204 -5.501595 -27.90782 -32.82574 -15.97822 -5.748971 -21.29507 -17.56926 -5.975766 -16.24508 -0.02474749 -2.419414 -1.192462 
  85.21667 1.243013 -12.42251 -19.9011 -30.41241 -11.39182 -29.1608 5.142673 0.1522931 -26.66419 -40.38995 -18.20947 -10.48749 -24.96163 -7.557203 -11.22991 -18.75892 0.5359309 -2.041392 -2.020562 
  84.26627 1.640694 -8.468068 -16.40511 -26.98323 -14.33371 -34.02506 16.80262 -1.280665 -25.95799 -37.26498 -18.32092 -12.27704 -17.37278 -6.342412 -13.26831 -16.20067 -0.6133144 -0.8784349 -1.103037 
  84.77603 0.6376935 -7.585745 -9.966636 -29.44623 -19.5818 -29.33753 15.67661 -7.394477 -18.79224 -30.86663 -14.57429 -18.39406 -18.90812 -3.389359 -9.126188 -16.82592 -1.482256 -0.1140019 -2.64187 
  84.86299 0.310713 -4.792349 -4.660561 -35.46313 -21.88866 -25.67242 9.429375 1.671529 -17.62384 -20.07843 -18.56724 -22.88947 -22.01321 3.749278 -8.798966 -10.96008 -3.22615 -1.997841 -3.127335 
  82.99513 1.299809 -1.395916 -4.72085 -34.0686 -33.55616 -31.01114 17.94584 -0.4418908 -16.4134 -16.41054 -20.2335 -32.50496 -21.27634 5.477928 -7.866731 -10.48103 -1.554251 -4.639027 -5.497514 
  82.31534 0.366168 5.055369 -3.294508 -40.74726 -35.79316 -32.74484 14.63763 -6.960364 -9.338054 -10.13336 -28.67084 -28.0611 -20.38841 1.374938 -8.206656 -5.497241 -4.444687 -7.930414 -5.313872 
  80.82601 -2.860914 11.27437 7.576149 -40.96566 -44.60689 -36.09647 3.025783 -3.752878 -2.211162 -13.99571 -30.75918 -20.08002 -20.01059 2.735546 -8.529326 -7.649142 -6.757535 -10.35288 -6.637256 
  80.61852 -5.365237 14.26003 11.10217 -42.26719 -34.81283 -34.49827 -9.698604 -13.72211 -8.245882 -6.936781 -20.38918 -17.75938 -15.32139 1.594237 -15.22596 -9.68712 -6.569665 -11.14024 -6.208558 
  78.7234 -2.766959 16.9418 14.61141 -45.11166 -38.7024 -39.96899 -13.66685 -6.25775 -4.187993 -9.36918 -28.62938 -17.10852 -10.67065 1.532885 -14.82251 -10.84028 -10.72616 -10.33921 -5.693709 
  78.06865 -4.317914 23.70936 11.13775 -40.28786 -42.0563 -41.54564 -19.63034 -8.196998 -5.369585 -4.584289 -32.04967 -13.90439 -9.428563 -2.128498 -8.176083 -17.86278 -11.89691 -10.45201 -4.229886 
  76.61036 -1.548694 21.29451 21.37386 -47.45652 -33.77751 -44.88726 -23.37338 -13.08213 -2.66984 -10.88813 -22.52157 -8.389816 -12.31717 -0.3768491 -12.36833 -15.8892 -15.67361 -8.230403 -5.470497 
  75.74142 -0.4502386 25.22041 19.38783 -53.13527 -26.63114 -41.22271 -17.99579 -16.29791 -12.96547 -8.766148 -20.17676 1.476833 -17.2725 -7.322062 -7.95897 -18.63361 -13.8179 -7.430161 -3.805336 
  74.39999 -0.09410421 26.42171 23.74399 -49.43863 -27.57025 -48.30448 -15.88035 -8.04176 -12.01105 -9.754512 -26.26648 -6.819553 -12.79942 -2.641345 -11.8907 -16.92302 -13.46135 -9.216526 -1.346749 
  73.84872 -1.492891 26.57027 24.53927 -47.41658 -27.12907 -39.73275 -14.08862 -2.722256 -17.83457 -9.894585 -24.49577 -2.676502 -15.07456 -8.798689 -11.91635 -12.21673 -6.513658 -11.47506 -3.583247 
  72.39827 -4.629806 22.95415 24.53393 -30.02133 -18.1783 -37.81991 -4.769211 -11.31776 -2.474984 3.534748 -13.70279 -1.503872 -9.717341 0.7173923 -10.8224 -13.54131 -3.981376 -7.760427 -2.621274 
  65.96638 -1.908865 18.79523 15.23853 -17.45824 -10.54154 -15.41868 -10.79824 -5.106622 1.914566 -0.2931036 -11.70974 3.627204 -8.229733 -1.510467 -7.17591 -9.736179 -0.1531829 -5.306692 -4.505428 
  64.19454 -4.102083 18.38182 12.52228 -10.92789 -19.53532 -13.95294 -16.82196 -14.6768 -6.678697 -6.67269 -11.29706 -9.19988 -7.049979 -6.831547 -10.65953 -11.5718 -4.263814 -2.922709 -3.262423 
  63.46523 -14.1066 19.30591 14.11454 2.610705 -10.40338 -29.40918 -16.24192 -18.65105 -8.333482 5.722339 4.151596 4.153141 -1.77685 -6.51101 -10.34833 -11.66635 -9.668812 -3.462606 2.806184 
  72.75482 -39.23376 12.86111 11.76931 2.284985 -10.58321 -34.29528 15.91164 -20.13396 -15.77852 26.72909 8.21965 -1.905666 11.00066 -7.26875 -10.52265 -3.175733 -8.70268 -1.582771 -1.547858 
  80.45872 -47.402 5.333866 4.71616 -5.10771 -16.81167 -24.12924 34.80154 -30.88718 -23.55438 25.92424 -5.091087 -5.621664 4.950642 -6.829401 -9.007577 -1.632471 4.458075 -0.643271 2.971319 
  82.62105 -18.87515 15.06247 15.34354 -20.19127 -42.62637 -46.99167 33.25127 -25.4928 -32.5773 21.04369 -2.135067 -24.97183 -22.48627 -10.63708 -16.72658 -8.93274 7.593066 1.102795 1.448006 
  82.61749 -1.84022 9.068398 1.697034 -26.36947 -42.96807 -53.40223 12.86848 -9.667186 -25.0004 9.427476 -12.64806 -18.36762 -17.90313 -6.379262 -12.25729 -9.672874 -6.334126 -8.226522 -4.101237 
  83.84608 -2.266362 -0.9318398 3.583798 -32.29264 -39.01168 -48.5845 19.24679 -4.950619 -35.19581 -0.444332 -16.01739 -18.03245 -20.41007 -3.805537 -3.250597 -12.19405 -9.681474 -7.071191 -5.434668 
  83.40034 3.042221 -6.295087 -4.418892 -27.60371 -35.82686 -54.01104 23.96288 2.621783 -34.22376 -9.415662 -24.1902 -11.06703 -26.22917 -9.908178 2.11068 -8.827171 -11.53575 -5.572172 -6.796645 
  84.57671 3.109116 -8.840338 -3.957573 -30.18771 -35.19446 -51.58057 26.35564 2.795824 -15.79966 -16.90221 -28.77958 -3.145107 -28.76742 -15.78517 9.15243 -3.923612 -12.25806 -5.394822 -7.726315 
  84.4525 3.551122 -9.230305 -3.396392 -32.98781 -35.84652 -45.94794 27.79437 0.8340406 -5.589759 -14.80095 -32.71048 -0.7425941 -22.6755 -18.12193 10.81618 -0.9383581 -13.95008 -2.508909 -9.674416 
  83.95226 3.179894 -3.796794 -12.5736 -31.22378 -32.81359 -49.65668 28.12678 4.289885 1.351039 -17.15708 -30.73385 1.600092 -21.73427 -16.85457 5.59919 4.859152 -16.10191 -0.2646511 -11.61624 
  83.48254 3.865353 -1.972784 -17.47487 -34.4637 -28.89117 -44.89109 24.88134 -3.67748 5.567049 -12.89261 -35.32574 2.941897 -25.06737 -17.11509 10.16888 3.719018 -16.71484 -2.200699 -10.11678 
  82.82793 6.426363 -2.438421 -17.43929 -33.95564 -29.32897 -42.49728 16.72566 2.2046 1.101759 -15.25492 -24.08318 -7.135275 -23.66635 -10.42759 3.07387 0.7038629 -8.537299 -6.120929 -10.61761 
  82.74337 6.996824 -1.283978 -14.85623 -29.77988 -34.07847 -40.14112 21.88293 -4.165123 10.30285 -14.91845 -28.32939 0.8349365 -22.22625 -15.41875 6.694652 2.131881 -8.8744 -5.497032 -11.23632 
  82.84628 4.980988 0.09663069 -7.576198 -32.62281 -37.53631 -40.31714 27.95429 -3.77682 3.633883 -6.743072 -33.69949 9.352592 -22.17195 -19.67502 8.943032 1.861151 -9.603139 -5.22862 -9.707684 
  82.64234 5.479195 -4.870692 -7.399007 -22.8354 -37.75682 -45.74102 27.1072 -3.916749 3.354248 -5.452273 -33.42193 8.496138 -19.80076 -21.63498 8.473846 2.63012 -14.04134 -2.727518 -8.416849 
  82.52397 3.500323 -4.497633 -5.450931 -22.76777 -34.21287 -43.38428 23.88148 -13.75727 0.5401838 -12.01136 -27.97614 4.576772 -17.12939 -26.75298 10.14054 -0.5071465 -13.25674 -2.629029 -5.808824 
  80.41977 2.811461 2.057844 -5.701215 -25.93734 -33.97424 -50.37198 16.72162 -3.875441 0.7477764 -13.647 -47.68769 -1.654296 -15.70338 -17.93141 2.817466 -2.272232 -8.332554 -6.784162 -7.478144 
  79.10222 4.245841 -1.365949 0.08909463 -23.22998 -33.28787 -48.01654 14.70469 8.437222 -13.07549 -7.666496 -38.78518 -17.8048 -13.07591 -12.19723 1.782211 -1.347512 -12.83861 -3.345958 -8.213182 
  78.18233 3.657978 -3.52739 -0.05918529 -18.00761 -32.20835 -39.9431 8.776617 8.140843 -14.48585 -7.605433 -34.56203 -18.85078 -8.371716 -18.20832 2.030944 -0.1267433 -10.62067 -3.076868 -7.740476 
  77.15562 0.4389817 -2.810304 -0.3180105 -9.955743 -29.15254 -42.36594 7.936038 6.572801 -3.184985 -20.43093 -15.26852 -12.81619 -15.30658 -17.44852 2.873337 5.46985 -12.9519 -5.508005 -3.818514 
  74.23621 0.3910182 0.2424582 3.502915 -8.218122 -31.49148 -35.01873 8.988836 9.003339 2.092452 -18.61589 -7.865582 -8.556645 -14.53692 -16.24583 4.635247 7.030902 -13.9932 -6.044792 -2.69792 
  71.05738 0.7089389 -1.356645 -1.142155 -5.560238 -33.2076 -15.62791 8.064527 1.358557 -3.68307 -9.214312 -3.802025 5.318844 -16.66979 -12.34053 -0.6950533 4.453252 -12.24683 -3.647057 -0.3689616 
  67.69535 -5.393343 -4.959001 3.811958 -1.941834 -35.18565 -21.7087 17.38732 0.5020911 -2.080392 -2.627287 5.168266 3.740463 -21.11855 -5.067189 0.3083052 6.422026 -5.167046 -6.401715 -1.376828 
  65.76881 -11.47532 -1.581872 1.206573 -7.837545 -26.14997 -15.73586 18.1989 12.08332 -12.73822 -8.333595 15.85838 5.140497 -15.18332 -0.7290429 -5.059538 4.526829 -1.451118 -0.4236888 3.089034 
  63.24485 -12.9513 -1.81881 3.151216 -4.643581 -12.08746 -8.579818 11.5124 14.60833 -1.759801 3.676963 8.435223 5.952067 -4.583241 -12.47023 4.327446 4.720794 -2.750546 -1.671921 2.462332 
  59.48072 -20.31404 -6.763906 -0.9372551 3.910853 -8.772643 -9.232867 20.84605 21.29832 1.437782 13.50484 12.34788 -3.245272 -6.779238 1.248043 12.5646 1.268424 0.3416974 -1.706961 -0.1191155 
  58.02628 -19.56597 1.70261 7.96774 7.935637 -4.019444 -12.92157 0.9694971 -0.1642954 -13.54601 -10.00848 2.59663 -1.236754 -5.211168 -2.297159 -1.814459 -1.279002 -2.565328 0.7942979 1.100268 
  58.71173 -16.23669 6.803955 4.904167 7.029301 -7.317965 -6.933138 -4.046731 -2.120961 -6.69756 -8.837992 -9.976433 -14.96479 -16.98473 -6.04179 -0.6515769 -5.22159 -0.7039861 0.6747325 -1.77597 
  57.29246 -17.47141 8.404188 3.655933 7.569067 0.1378607 -5.235614 -3.571536 -0.5764455 -1.479987 -9.540498 -11.2541 -9.717235 -13.44379 -7.230927 -0.1045058 1.471644 1.020256 -1.668511 -1.328432 
  56.34534 -20.8868 6.538984 0.9105499 4.130695 -0.1507068 1.836186 -1.927626 1.060541 3.455468 -1.269564 -11.61107 -8.8913 -5.723416 -2.58232 2.188544 -2.360284 -0.07890523 1.445359 1.875035 
  56.72458 -20.80918 5.451215 3.245142 6.700345 1.663098 4.746489 -0.9854903 4.957867 3.49596 -3.797037 -1.514809 -9.751757 -9.983399 -3.277673 -2.257394 2.024365 1.173494 3.720938 1.031977 
  79.73475 -33.59851 -5.944149 -17.34096 -3.908414 -35.80098 1.187417 6.221785 15.07831 -9.896163 -10.81555 13.3839 -20.18151 -7.196809 12.16196 13.16894 -6.00866 5.589011 2.010709 4.386548 
  81.41243 -30.88956 -8.578321 -14.64738 -4.962418 -22.53521 -0.5302903 1.650799 8.05316 -14.50908 -14.69994 -3.815414 -21.77355 -12.77861 6.779248 11.2993 -6.07399 3.107504 2.009554 1.412044 
  74.53992 -23.3848 -2.525873 -10.93246 -7.288944 -15.34651 6.622679 -5.25772 -1.240491 -11.66244 6.456782 -2.504745 0.0272549 -3.062444 5.08525 12.63411 -1.738407 -1.245632 2.752294 -0.05467445 
  71.2547 -19.80079 -1.273219 -3.499504 -7.190669 -18.21984 1.447816 5.461143 4.816248 -23.33362 -0.2212363 5.906433 -0.4480166 -12.82211 7.616747 4.519879 -3.014884 5.248114 4.663401 2.259239 
  66.39273 -19.45707 -4.265296 -3.664601 -6.111902 -16.07971 11.19161 9.011684 1.150561 -23.82127 -0.08101645 2.430645 -9.319805 -3.728948 5.084032 7.655585 2.760051 4.182634 3.940904 0.3406789 
  62.99977 -19.90181 -0.4098136 -2.025016 -5.394464 -7.229936 16.31182 7.730225 7.329175 -18.16235 -13.23383 -0.1893883 -4.165227 -8.663073 3.885006 5.641493 3.35344 4.305966 6.586723 0.4974587 ]
